HUMOR,COGNICAO,COMPORTAMENTO,PERCEPCAO,FISIOLOGICO,RISCO,DURACAO,RESULTADO
culpa delirante,recordacao intrusiva,suicida,nao especificado,alteracoes de peso significativas,neuroticismo,> 2 semanas,transtorno depressivo maior
autoaversao,dificuldade de concentracao,suicida,nao especificado,perturbacoes do sono,evento traumatico,> 2 semanas,transtorno depressivo maior
disforia,dificuldade para pensar,tentativa de suicidio,nao especificado,catatonia,neuroticismo,> 2 semanas,transtorno depressivo maior
medo de dano cerebral,acreditar que esta enlouquecendo,robotico,distorcoes visuais,perda de controle dos movimentos,ataques de panico,variavel,transtorno de despersonalizacao/desrealizacao
reatividade emocional,lembranca recorrente,imprudente,flashbacks,sintomas pos-concussivos,evento traumatico,< 1 mes,transtorno de estresse agudo
raiva,pesadelos,agressivo,despersonalizacao,resposta de sobressalto exagerada,transtorno mental anterior,< 1 mes,transtorno de estresse agudo
tristeza,dificuldade de concentracao,irritadico,despersonalizacao,perturbacao do sono,transtorno mental anterior,< 1 mes,transtorno de estresse agudo
irritacao,pesadelos,automutilante,despersonalizacao,resposta de sobressalto exagerada,transtorno mental anterior,> 2 meses,transtorno de estresse pos-traumatico
tristeza,ideacao suicida,choro,nao especificado,perda de energia,condicoes medicas incapacitantes,> 2 semanas,transtorno depressivo maior
vergonha,pesadelos,imprudente,despersonalizacao,sintomas pos-concussivos,transtorno mental anterior,< 1 mes,transtorno de estresse agudo
medo de dano cerebral,preocupacao,automato,distorcoes visuais,perda de controle da fala,traumas interpessoais na infancia,variavel,transtorno de despersonalizacao/desrealizacao
sofrimento intenso,revivencia,evitativo,flashbacks,reatividade fisiologica,evento traumatico,> 2 meses,transtorno de estresse pos-traumatico
surtos de raiva,hipervigilancia,impulsivo,flashbacks,ataques de panico,evento traumatico,< 1 mes,transtorno de estresse agudo
desespero,cognicao erronea,autodestrutivo,intrusao sensorial,resposta de sobressalto exagerada,transtorno mental anterior,> 2 meses,transtorno de estresse pos-traumatico
sofrimento intenso,acreditar que esta enlouquecendo,automato,alteracoes perceptuais,perda de controle dos movimentos,ansiedade,variavel,transtorno de despersonalizacao/desrealizacao
tristeza,dificuldade de concentracao,choro,nao especificado,perturbacoes psicomotoras,perda significativa,> 2 semanas,transtorno depressivo maior
sofrimento intenso,pensamentos recorrentes de morte,retraimento social,nao especificado,fadiga persistente,neuroticismo,> 2 semanas,transtorno depressivo maior
culpa delirante,ideacao suicida,suicida,nao especificado,insonia,transtornos subjacentes,> 2 semanas,transtorno depressivo maior
raiva,preocupacao,irritadico,flashbacks,reatividade fisiologica,evento traumatico,> 2 meses,transtorno de estresse pos-traumatico
sofrimento prolongado,pesadelos,imprudente,pseudoalucinacoes auditivas,perturbacao do sono,estrategias de enfrentamento inapropriadas,> 2 meses,transtorno de estresse pos-traumatico
autoaversao,ideacao suicida,suicida,nao especificado,alteracoes de peso significativas,perda significativa,> 2 semanas,transtorno depressivo maior
raiva,revivencia,irritadico,flashbacks,reatividade fisiologica,evento traumatico,> 2 meses,transtorno de estresse pos-traumatico
emocoes positivas ausentes,amnesia dissociativa,agressivo,desrealizacao,resposta de sobressalto exagerada,neuroticismo,< 1 mes,transtorno de estresse agudo
autoaversao,ruminacao,suicida,nao especificado,sintomas somaticos,evento traumatico,> 2 semanas,transtorno depressivo maior
vergonha,amnesia dissociativa,evitativo,desrealizacao,perturbacao do sono,estrategias de enfrentamento inapropriadas,> 2 meses,transtorno de estresse pos-traumatico
vergonha,revivencia,imprudente,desrealizacao,sintomas pos-concussivos,neuroticismo,< 1 mes,transtorno de estresse agudo
anestesia emocional,dificuldade em descrever sintomas,robotico,desrealizacao,anestesia fisica,evento traumatico,variavel,transtorno de despersonalizacao/desrealizacao
disforia,cognicao erronea,irritadico,intrusao sensorial,resposta de sobressalto exagerada,transtorno mental anterior,> 2 meses,transtorno de estresse pos-traumatico
sofrimento intenso,dificuldade em descrever sintomas,robotico,alteracoes perceptuais,anestesia fisica,evento traumatico,variavel,transtorno de despersonalizacao/desrealizacao
reatividade emocional,dificuldade de concentracao,imprudente,despersonalizacao,sintomas pos-concussivos,transtorno mental anterior,< 1 mes,transtorno de estresse agudo
reatividade emocional,dificuldade de concentracao,imprudente,despersonalizacao,sintomas pos-concussivos,transtorno mental anterior,< 1 mes,transtorno de estresse agudo
autoaversao,recordacao intrusiva,suicida,nao especificado,fadiga persistente,evento traumatico,> 2 semanas,transtorno depressivo maior
emocoes positivas ausentes,amnesia dissociativa,suicida,desrealizacao,perturbacao do sono,estrategias de enfrentamento inapropriadas,> 2 meses,transtorno de estresse pos-traumatico
insensibilidade,ruminacao,conduta embotada,distorcoes auditivas,sintomas somaticos,uso de drogas ilicitas,variavel,transtorno de despersonalizacao/desrealizacao
melancolia,ideacao suicida,choro,nao especificado,catatonia,neuroticismo,> 2 semanas,transtorno depressivo maior
medo,dificuldade de concentracao,imprudente,intrusao visual,reatividade fisiologica,evento traumatico,> 2 meses,transtorno de estresse pos-traumatico
medo,lembranca recorrente,reativo,intrusao visual,reatividade fisiologica,evento traumatico,> 2 meses,transtorno de estresse pos-traumatico
insensibilidade,ruminacao,conduta embotada,distorcoes auditivas,sintomas somaticos,uso de drogas ilicitas,variavel,transtorno de despersonalizacao/desrealizacao
humor deprimido,perda de interesse,suicida,nao especificado,perturbacoes do sono,herdabilidade,> 2 semanas,transtorno depressivo maior
medo,ideias paranoides,reativo,intrusao visual,reatividade fisiologica,evento traumatico,> 2 meses,transtorno de estresse pos-traumatico
horror,ideias paranoides,agressivo,pseudoalucinacoes auditivas,perturbacao do sono,estrategias de enfrentamento inapropriadas,> 2 meses,transtorno de estresse pos-traumatico
culpa delirante,ideacao suicida,suicida,nao especificado,perturbacoes do sono,herdabilidade,> 2 semanas,transtorno depressivo maior
anestesia emocional,acreditar que esta enlouquecendo,conduta embotada,desrealizacao,perda de controle dos movimentos,uso de drogas ilicitas,variavel,transtorno de despersonalizacao/desrealizacao
sofrimento intenso,dificuldade em descrever sintomas,robotico,alteracoes perceptuais,anestesia fisica,evento traumatico,variavel,transtorno de despersonalizacao/desrealizacao
sentimentos de desvalia,ruminacao,tentativa de suicidio,nao especificado,hipersonia,condicoes medicas cronicas,> 2 semanas,transtorno depressivo maior
sofrimento intenso,revivencia,irritadico,desrealizacao,perturbacao do sono,neuroticismo,< 1 mes,transtorno de estresse agudo
sofrimento intenso,preocupacao,automato,alteracoes perceptuais,perda de controle da fala,traumas interpessoais na infancia,variavel,transtorno de despersonalizacao/desrealizacao
emocoes positivas ausentes,lembranca recorrente,agressivo,flashbacks,resposta de sobressalto exagerada,evento traumatico,< 1 mes,transtorno de estresse agudo
insensibilidade,dificuldade em descrever sintomas,robotico,distorcoes auditivas,anestesia fisica,evento traumatico,variavel,transtorno de despersonalizacao/desrealizacao
inercia,dificuldade em descrever sintomas,conduta embotada,distorcoes temporais,anestesia fisica,depressao,variavel,transtorno de despersonalizacao/desrealizacao
irritacao,expectativa negativa,automutilante,despersonalizacao,resposta de sobressalto exagerada,transtorno mental anterior,> 2 meses,transtorno de estresse pos-traumatico
raiva,revivencia,agressivo,desrealizacao,resposta de sobressalto exagerada,neuroticismo,< 1 mes,transtorno de estresse agudo
horror,pesadelos,agressivo,pseudoalucinacoes auditivas,perturbacao do sono,estrategias de enfrentamento inapropriadas,> 2 meses,transtorno de estresse pos-traumatico
sentimentos de desvalia,plano suicida,tentativa de suicidio,nao especificado,hipersonia,perda significativa,> 2 semanas,transtorno depressivo maior
medo de dano cerebral,dificuldade em descrever sintomas,automato,distorcoes visuais,anestesia fisica,traumas interpessoais na infancia,variavel,transtorno de despersonalizacao/desrealizacao
sofrimento intenso,cognicao erronea,autodestrutivo,flashbacks,reatividade fisiologica,evento traumatico,> 2 meses,transtorno de estresse pos-traumatico
anedonia,problemas de memoria,retraimento social,nao especificado,sintomas somaticos,perda significativa,> 2 semanas,transtorno depressivo maior
autoaversao,preocupacao,suicida,nao especificado,perturbacoes do sono,herdabilidade,> 2 semanas,transtorno depressivo maior
humor deprimido,indecisao,suicida,nao especificado,alteracoes de peso significativas,transtornos subjacentes,> 2 semanas,transtorno depressivo maior
culpa delirante,problemas de memoria,suicida,nao especificado,fadiga persistente,evento traumatico,> 2 semanas,transtorno depressivo maior
medo de dano cerebral,acreditar que esta enlouquecendo,conduta embotada,distorcoes visuais,perda de controle dos movimentos,uso de drogas ilicitas,variavel,transtorno de despersonalizacao/desrealizacao
angustia generalizada,plano suicida,choro,nao especificado,perturbacoes psicomotoras,neuroticismo,> 2 semanas,transtorno depressivo maior
culpa delirante,perda de interesse,suicida,nao especificado,perturbacoes do sono,condicoes medicas incapacitantes,> 2 semanas,transtorno depressivo maior
vergonha,revivencia,autodestrutivo,desrealizacao,perturbacao do sono,estrategias de enfrentamento inapropriadas,> 2 meses,transtorno de estresse pos-traumatico
disforia,pensamentos recorrentes de morte,tentativa de suicidio,nao especificado,perda de energia,neuroticismo,> 2 semanas,transtorno depressivo maior
insensibilidade,acreditar que esta enlouquecendo,conduta embotada,distorcoes auditivas,perda de controle dos movimentos,uso de drogas ilicitas,variavel,transtorno de despersonalizacao/desrealizacao
sofrimento intenso,luto complicado,evitativo,flashbacks,reatividade fisiologica,evento traumatico,> 2 meses,transtorno de estresse pos-traumatico
disforia,luto complicado,irritadico,intrusao sensorial,resposta de sobressalto exagerada,transtorno mental anterior,> 2 meses,transtorno de estresse pos-traumatico
sofrimento intenso,amnesia dissociativa,autodestrutivo,flashbacks,reatividade fisiologica,evento traumatico,> 2 meses,transtorno de estresse pos-traumatico
vergonha,hipervigilancia,imprudente,flashbacks,sintomas pos-concussivos,evento traumatico,< 1 mes,transtorno de estresse agudo
culpa,amnesia dissociativa,impulsivo,desrealizacao,ataques de panico,neuroticismo,< 1 mes,transtorno de estresse agudo
tristeza,pensamentos recorrentes de morte,choro,nao especificado,perturbacoes psicomotoras,perda significativa,> 2 semanas,transtorno depressivo maior
autoaversao,recordacao intrusiva,suicida,nao especificado,sintomas somaticos,condicoes medicas incapacitantes,> 2 semanas,transtorno depressivo maior
tristeza,perda de interesse,choro,nao especificado,perturbacoes psicomotoras,herdabilidade,> 2 semanas,transtorno depressivo maior
vergonha,luto complicado,evitativo,desrealizacao,perturbacao do sono,estrategias de enfrentamento inapropriadas,> 2 meses,transtorno de estresse pos-traumatico
sofrimento intenso,luto complicado,autodestrutivo,flashbacks,reatividade fisiologica,evento traumatico,> 2 meses,transtorno de estresse pos-traumatico
irritacao,dificuldade de concentracao,agressivo,despersonalizacao,resposta de sobressalto exagerada,transtorno mental anterior,> 2 meses,transtorno de estresse pos-traumatico
emocoes positivas ausentes,dificuldade de concentracao,agressivo,despersonalizacao,resposta de sobressalto exagerada,transtorno mental anterior,< 1 mes,transtorno de estresse agudo
emocoes positivas ausentes,amnesia dissociativa,agressivo,desrealizacao,resposta de sobressalto exagerada,neuroticismo,< 1 mes,transtorno de estresse agudo
tristeza,dificuldade para pensar,choro,nao especificado,perturbacoes psicomotoras,neuroticismo,> 2 semanas,transtorno depressivo maior
inercia,ruminacao,automato,distorcoes temporais,sintomas somaticos,ansiedade,variavel,transtorno de despersonalizacao/desrealizacao
anedonia,expectativa negativa,automutilante,intrusao visual,reatividade fisiologica,evento traumatico,> 2 meses,transtorno de estresse pos-traumatico
medo,pesadelos,imprudente,intrusao visual,reatividade fisiologica,evento traumatico,> 2 meses,transtorno de estresse pos-traumatico
anestesia emocional,ruminacao,robotico,desrealizacao,sintomas somaticos,ataques de panico,variavel,transtorno de despersonalizacao/desrealizacao
hipoemotividade,ruminacao,robotico,despersonalizacao,sintomas somaticos,ataques de panico,variavel,transtorno de despersonalizacao/desrealizacao
sofrimento prolongado,pesadelos,imprudente,pseudoalucinacoes auditivas,perturbacao do sono,estrategias de enfrentamento inapropriadas,> 2 meses,transtorno de estresse pos-traumatico
anestesia emocional,preocupacao,conduta embotada,desrealizacao,perda de controle da fala,depressao,variavel,transtorno de despersonalizacao/desrealizacao
sentimentos de desvalia,indecisao,tentativa de suicidio,nao especificado,catatonia,condicoes medicas incapacitantes,> 2 semanas,transtorno depressivo maior
inercia,acreditar que esta enlouquecendo,automato,distorcoes temporais,perda de controle dos movimentos,ansiedade,variavel,transtorno de despersonalizacao/desrealizacao
sofrimento intenso,dificuldade em descrever sintomas,robotico,alteracoes perceptuais,anestesia fisica,evento traumatico,variavel,transtorno de despersonalizacao/desrealizacao
medo,ideias paranoides,imprudente,intrusao visual,reatividade fisiologica,evento traumatico,> 2 meses,transtorno de estresse pos-traumatico
emocoes positivas ausentes,amnesia dissociativa,agressivo,desrealizacao,resposta de sobressalto exagerada,neuroticismo,< 1 mes,transtorno de estresse agudo
sentimentos de desvalia,plano suicida,tentativa de suicidio,nao especificado,alteracoes no apetite,neuroticismo,> 2 semanas,transtorno depressivo maior
hipoemotividade,acreditar que esta enlouquecendo,robotico,despersonalizacao,perda de controle dos movimentos,ataques de panico,variavel,transtorno de despersonalizacao/desrealizacao
reatividade emocional,dificuldade de concentracao,imprudente,despersonalizacao,sintomas pos-concussivos,transtorno mental anterior,< 1 mes,transtorno de estresse agudo
irritacao,ideias paranoides,agressivo,despersonalizacao,resposta de sobressalto exagerada,transtorno mental anterior,> 2 meses,transtorno de estresse pos-traumatico
emocoes positivas ausentes,luto complicado,irritadico,desrealizacao,perturbacao do sono,estrategias de enfrentamento inapropriadas,> 2 meses,transtorno de estresse pos-traumatico
disforia,problemas de memoria,tentativa de suicidio,nao especificado,perda de energia,condicoes medicas incapacitantes,> 2 semanas,transtorno depressivo maior
surtos de raiva,hipervigilancia,impulsivo,flashbacks,ataques de panico,evento traumatico,< 1 mes,transtorno de estresse agudo
sentimentos de inutilidade,ruminacao,tentativa de suicidio,nao especificado,hipersonia,transtornos subjacentes,> 2 semanas,transtorno depressivo maior
anedonia,lembranca recorrente,automutilante,intrusao visual,reatividade fisiologica,evento traumatico,> 2 meses,transtorno de estresse pos-traumatico
sofrimento prolongado,lembranca recorrente,evitativo,flashbacks,reatividade fisiologica,evento traumatico,< 1 mes,transtorno de estresse agudo
melancolia,perda de interesse,choro,nao especificado,perda de energia,condicoes medicas incapacitantes,> 2 semanas,transtorno depressivo maior
desespero,preocupacao,autodestrutivo,intrusao sensorial,resposta de sobressalto exagerada,transtorno mental anterior,> 2 meses,transtorno de estresse pos-traumatico
hipoemotividade,dificuldade em descrever sintomas,conduta embotada,despersonalizacao,anestesia fisica,depressao,variavel,transtorno de despersonalizacao/desrealizacao
hipoemotividade,preocupacao,robotico,despersonalizacao,perda de controle da fala,evento traumatico,variavel,transtorno de despersonalizacao/desrealizacao
raiva,pesadelos,agressivo,despersonalizacao,resposta de sobressalto exagerada,transtorno mental anterior,< 1 mes,transtorno de estresse agudo
medo de dano cerebral,acreditar que esta enlouquecendo,robotico,distorcoes visuais,perda de controle dos movimentos,ataques de panico,variavel,transtorno de despersonalizacao/desrealizacao
insensibilidade,ruminacao,conduta embotada,distorcoes auditivas,sintomas somaticos,uso de drogas ilicitas,variavel,transtorno de despersonalizacao/desrealizacao
insensibilidade,dificuldade em descrever sintomas,conduta embotada,distorcoes auditivas,anestesia fisica,depressao,variavel,transtorno de despersonalizacao/desrealizacao
vergonha,pesadelos,imprudente,despersonalizacao,sintomas pos-concussivos,transtorno mental anterior,< 1 mes,transtorno de estresse agudo
medo,pesadelos,evitativo,despersonalizacao,reatividade fisiologica,transtorno mental anterior,< 1 mes,transtorno de estresse agudo
emocoes positivas ausentes,cognicao erronea,irritadico,desrealizacao,perturbacao do sono,estrategias de enfrentamento inapropriadas,> 2 meses,transtorno de estresse pos-traumatico
sofrimento intenso,amnesia dissociativa,autodestrutivo,flashbacks,reatividade fisiologica,evento traumatico,> 2 meses,transtorno de estresse pos-traumatico
medo,pesadelos,evitativo,despersonalizacao,reatividade fisiologica,transtorno mental anterior,< 1 mes,transtorno de estresse agudo
medo,revivencia,evitativo,desrealizacao,reatividade fisiologica,neuroticismo,< 1 mes,transtorno de estresse agudo
insensibilidade,ruminacao,robotico,distorcoes auditivas,sintomas somaticos,ataques de panico,variavel,transtorno de despersonalizacao/desrealizacao
sofrimento intenso,cognicao erronea,autodestrutivo,flashbacks,reatividade fisiologica,evento traumatico,> 2 meses,transtorno de estresse pos-traumatico
culpa,ideias paranoides,reativo,despersonalizacao,resposta de sobressalto exagerada,transtorno mental anterior,> 2 meses,transtorno de estresse pos-traumatico
insensibilidade,preocupacao,robotico,distorcoes auditivas,perda de controle da fala,evento traumatico,variavel,transtorno de despersonalizacao/desrealizacao
sofrimento intenso,pensamentos recorrentes de morte,retraimento social,nao especificado,perturbacoes do sono,herdabilidade,> 2 semanas,transtorno depressivo maior
insensibilidade,ruminacao,automato,distorcoes auditivas,sintomas somaticos,ansiedade,variavel,transtorno de despersonalizacao/desrealizacao
emocoes positivas ausentes,revivencia,irritadico,desrealizacao,perturbacao do sono,estrategias de enfrentamento inapropriadas,> 2 meses,transtorno de estresse pos-traumatico
surtos de raiva,hipervigilancia,impulsivo,flashbacks,ataques de panico,evento traumatico,< 1 mes,transtorno de estresse agudo
sofrimento intenso,revivencia,irritadico,desrealizacao,perturbacao do sono,neuroticismo,< 1 mes,transtorno de estresse agudo
culpa,amnesia dissociativa,impulsivo,desrealizacao,ataques de panico,neuroticismo,< 1 mes,transtorno de estresse agudo
horror,pesadelos,agressivo,pseudoalucinacoes auditivas,perturbacao do sono,estrategias de enfrentamento inapropriadas,> 2 meses,transtorno de estresse pos-traumatico
hipoemotividade,ruminacao,robotico,despersonalizacao,sintomas somaticos,ataques de panico,variavel,transtorno de despersonalizacao/desrealizacao
hipoemotividade,dificuldade em descrever sintomas,robotico,despersonalizacao,anestesia fisica,evento traumatico,variavel,transtorno de despersonalizacao/desrealizacao
medo,hipervigilancia,evitativo,flashbacks,reatividade fisiologica,evento traumatico,< 1 mes,transtorno de estresse agudo
disforia,pensamentos recorrentes de morte,tentativa de suicidio,nao especificado,hipersonia,transtornos subjacentes,> 2 semanas,transtorno depressivo maior
raiva,revivencia,agressivo,desrealizacao,resposta de sobressalto exagerada,neuroticismo,< 1 mes,transtorno de estresse agudo
angustia generalizada,indecisao,choro,nao especificado,perda de energia,neuroticismo,> 2 semanas,transtorno depressivo maior
horror,pesadelos,agressivo,pseudoalucinacoes auditivas,perturbacao do sono,estrategias de enfrentamento inapropriadas,> 2 meses,transtorno de estresse pos-traumatico
vergonha,revivencia,imprudente,desrealizacao,sintomas pos-concussivos,neuroticismo,< 1 mes,transtorno de estresse agudo
humor deprimido,dificuldade para pensar,suicida,nao especificado,sintomas somaticos,evento traumatico,> 2 semanas,transtorno depressivo maior
horror,lembranca recorrente,agressivo,pseudoalucinacoes auditivas,perturbacao do sono,estrategias de enfrentamento inapropriadas,> 2 meses,transtorno de estresse pos-traumatico
sofrimento intenso,luto complicado,evitativo,flashbacks,reatividade fisiologica,evento traumatico,> 2 meses,transtorno de estresse pos-traumatico
vergonha,cognicao erronea,autodestrutivo,desrealizacao,perturbacao do sono,estrategias de enfrentamento inapropriadas,> 2 meses,transtorno de estresse pos-traumatico
sentimentos de desvalia,pensamentos recorrentes de morte,tentativa de suicidio,nao especificado,perda de energia,condicoes medicas incapacitantes,> 2 semanas,transtorno depressivo maior
anedonia,lembranca recorrente,automutilante,intrusao visual,reatividade fisiologica,evento traumatico,> 2 meses,transtorno de estresse pos-traumatico
culpa delirante,pensamentos recorrentes de morte,suicida,nao especificado,perturbacoes do sono,transtornos subjacentes,> 2 semanas,transtorno depressivo maior
medo de dano cerebral,ruminacao,robotico,distorcoes visuais,sintomas somaticos,ataques de panico,variavel,transtorno de despersonalizacao/desrealizacao
sofrimento prolongado,amnesia dissociativa,evitativo,desrealizacao,reatividade fisiologica,neuroticismo,< 1 mes,transtorno de estresse agudo
disforia,cognicao erronea,suicida,intrusao sensorial,resposta de sobressalto exagerada,transtorno mental anterior,> 2 meses,transtorno de estresse pos-traumatico
desesperanca,problemas de memoria,retraimento social,nao especificado,fadiga persistente,condicoes medicas cronicas,> 2 semanas,transtorno depressivo maior
sofrimento prolongado,ideias paranoides,imprudente,pseudoalucinacoes auditivas,perturbacao do sono,estrategias de enfrentamento inapropriadas,> 2 meses,transtorno de estresse pos-traumatico
culpa,dificuldade de concentracao,reativo,despersonalizacao,resposta de sobressalto exagerada,transtorno mental anterior,> 2 meses,transtorno de estresse pos-traumatico
sofrimento intenso,luto complicado,autodestrutivo,flashbacks,reatividade fisiologica,evento traumatico,> 2 meses,transtorno de estresse pos-traumatico
vergonha,cognicao erronea,evitativo,desrealizacao,perturbacao do sono,estrategias de enfrentamento inapropriadas,> 2 meses,transtorno de estresse pos-traumatico
medo,hipervigilancia,evitativo,flashbacks,reatividade fisiologica,evento traumatico,< 1 mes,transtorno de estresse agudo
hipoemotividade,dificuldade em descrever sintomas,automato,despersonalizacao,anestesia fisica,traumas interpessoais na infancia,variavel,transtorno de despersonalizacao/desrealizacao
insensibilidade,ruminacao,conduta embotada,distorcoes auditivas,sintomas somaticos,uso de drogas ilicitas,variavel,transtorno de despersonalizacao/desrealizacao
anedonia,lembranca recorrente,agressivo,intrusao visual,reatividade fisiologica,evento traumatico,> 2 meses,transtorno de estresse pos-traumatico
tristeza,pensamentos recorrentes de morte,choro,nao especificado,hipersonia,neuroticismo,> 2 semanas,transtorno depressivo maior
anedonia,perda de interesse,retraimento social,nao especificado,fadiga persistente,evento traumatico,> 2 semanas,transtorno depressivo maior
hipoemotividade,ruminacao,robotico,despersonalizacao,sintomas somaticos,ataques de panico,variavel,transtorno de despersonalizacao/desrealizacao
medo de dano cerebral,dificuldade em descrever sintomas,automato,distorcoes visuais,anestesia fisica,traumas interpessoais na infancia,variavel,transtorno de despersonalizacao/desrealizacao
horror,pesadelos,automutilante,pseudoalucinacoes auditivas,perturbacao do sono,estrategias de enfrentamento inapropriadas,> 2 meses,transtorno de estresse pos-traumatico
hipoemotividade,ruminacao,conduta embotada,despersonalizacao,sintomas somaticos,uso de drogas ilicitas,variavel,transtorno de despersonalizacao/desrealizacao
inercia,acreditar que esta enlouquecendo,robotico,distorcoes temporais,perda de controle dos movimentos,ataques de panico,variavel,transtorno de despersonalizacao/desrealizacao
inercia,acreditar que esta enlouquecendo,conduta embotada,distorcoes temporais,perda de controle dos movimentos,uso de drogas ilicitas,variavel,transtorno de despersonalizacao/desrealizacao
culpa delirante,preocupacao,suicida,nao especificado,insonia,herdabilidade,> 2 semanas,transtorno depressivo maior
inercia,dificuldade em descrever sintomas,conduta embotada,distorcoes temporais,anestesia fisica,depressao,variavel,transtorno de despersonalizacao/desrealizacao
vergonha,hipervigilancia,imprudente,flashbacks,sintomas pos-concussivos,evento traumatico,< 1 mes,transtorno de estresse agudo
raiva,amnesia dissociativa,irritadico,flashbacks,reatividade fisiologica,evento traumatico,> 2 meses,transtorno de estresse pos-traumatico
disforia,ideacao suicida,tentativa de suicidio,nao especificado,hipersonia,herdabilidade,> 2 semanas,transtorno depressivo maior
sofrimento prolongado,lembranca recorrente,imprudente,pseudoalucinacoes auditivas,perturbacao do sono,estrategias de enfrentamento inapropriadas,> 2 meses,transtorno de estresse pos-traumatico
medo de dano cerebral,acreditar que esta enlouquecendo,automato,distorcoes visuais,perda de controle dos movimentos,ansiedade,variavel,transtorno de despersonalizacao/desrealizacao
emocoes positivas ausentes,lembranca recorrente,agressivo,flashbacks,resposta de sobressalto exagerada,evento traumatico,< 1 mes,transtorno de estresse agudo
insensibilidade,dificuldade em descrever sintomas,robotico,distorcoes auditivas,anestesia fisica,evento traumatico,variavel,transtorno de despersonalizacao/desrealizacao
sofrimento intenso,dificuldade em descrever sintomas,conduta embotada,alteracoes perceptuais,anestesia fisica,depressao,variavel,transtorno de despersonalizacao/desrealizacao
culpa delirante,preocupacao,suicida,nao especificado,alteracoes de peso significativas,transtornos subjacentes,> 2 semanas,transtorno depressivo maior
insensibilidade,preocupacao,robotico,distorcoes auditivas,perda de controle da fala,evento traumatico,variavel,transtorno de despersonalizacao/desrealizacao
tristeza,ruminacao,choro,nao especificado,hipersonia,condicoes medicas incapacitantes,> 2 semanas,transtorno depressivo maior
sofrimento intenso,amnesia dissociativa,evitativo,flashbacks,reatividade fisiologica,evento traumatico,> 2 meses,transtorno de estresse pos-traumatico
apatia,dificuldade em descrever sintomas,conduta embotada,experiencia extracorporea,anestesia fisica,depressao,variavel,transtorno de despersonalizacao/desrealizacao
raiva,cognicao erronea,irritadico,flashbacks,reatividade fisiologica,evento traumatico,> 2 meses,transtorno de estresse pos-traumatico
sentimentos de desvalia,ruminacao,tentativa de suicidio,nao especificado,catatonia,neuroticismo,> 2 semanas,transtorno depressivo maior
vergonha,pesadelos,imprudente,despersonalizacao,sintomas pos-concussivos,transtorno mental anterior,< 1 mes,transtorno de estresse agudo
disforia,plano suicida,tentativa de suicidio,nao especificado,perda de energia,evento traumatico,> 2 semanas,transtorno depressivo maior
disforia,luto complicado,suicida,intrusao sensorial,resposta de sobressalto exagerada,transtorno mental anterior,> 2 meses,transtorno de estresse pos-traumatico
culpa,lembranca recorrente,impulsivo,flashbacks,ataques de panico,evento traumatico,< 1 mes,transtorno de estresse agudo
sofrimento intenso,dificuldade para pensar,retraimento social,nao especificado,insonia,evento traumatico,> 2 semanas,transtorno depressivo maior
sofrimento prolongado,ideias paranoides,reativo,pseudoalucinacoes auditivas,perturbacao do sono,estrategias de enfrentamento inapropriadas,> 2 meses,transtorno de estresse pos-traumatico
tristeza,indecisao,choro,nao especificado,catatonia,condicoes medicas cronicas,> 2 semanas,transtorno depressivo maior
autoaversao,dificuldade de concentracao,suicida,nao especificado,fadiga persistente,condicoes medicas incapacitantes,> 2 semanas,transtorno depressivo maior
medo,pesadelos,evitativo,despersonalizacao,reatividade fisiologica,transtorno mental anterior,< 1 mes,transtorno de estresse agudo
disforia,pensamentos recorrentes de morte,tentativa de suicidio,nao especificado,alteracoes no apetite,condicoes medicas cronicas,> 2 semanas,transtorno depressivo maior
apatia,ruminacao,automato,experiencia extracorporea,sintomas somaticos,ansiedade,variavel,transtorno de despersonalizacao/desrealizacao
melancolia,indecisao,choro,nao especificado,hipersonia,evento traumatico,> 2 semanas,transtorno depressivo maior
desesperanca,ruminacao,retraimento social,nao especificado,alteracoes de peso significativas,perda significativa,> 2 semanas,transtorno depressivo maior
emocoes positivas ausentes,amnesia dissociativa,agressivo,desrealizacao,resposta de sobressalto exagerada,neuroticismo,< 1 mes,transtorno de estresse agudo
apatia,preocupacao,robotico,experiencia extracorporea,perda de controle da fala,evento traumatico,variavel,transtorno de despersonalizacao/desrealizacao
medo,lembranca recorrente,reativo,intrusao visual,reatividade fisiologica,evento traumatico,> 2 meses,transtorno de estresse pos-traumatico
sofrimento intenso,hipervigilancia,irritadico,flashbacks,perturbacao do sono,evento traumatico,< 1 mes,transtorno de estresse agudo
medo de dano cerebral,ruminacao,robotico,distorcoes visuais,sintomas somaticos,ataques de panico,variavel,transtorno de despersonalizacao/desrealizacao
culpa,dificuldade de concentracao,impulsivo,despersonalizacao,ataques de panico,transtorno mental anterior,< 1 mes,transtorno de estresse agudo
desesperanca,ideacao suicida,retraimento social,nao especificado,sintomas somaticos,transtornos subjacentes,> 2 semanas,transtorno depressivo maior
irritacao,pesadelos,agressivo,despersonalizacao,resposta de sobressalto exagerada,transtorno mental anterior,> 2 meses,transtorno de estresse pos-traumatico
vergonha,hipervigilancia,imprudente,flashbacks,sintomas pos-concussivos,evento traumatico,< 1 mes,transtorno de estresse agudo
sentimentos de desvalia,preocupacao,tentativa de suicidio,nao especificado,perda de energia,transtornos subjacentes,> 2 semanas,transtorno depressivo maior
inercia,acreditar que esta enlouquecendo,conduta embotada,distorcoes temporais,perda de controle dos movimentos,uso de drogas ilicitas,variavel,transtorno de despersonalizacao/desrealizacao
medo de dano cerebral,ruminacao,conduta embotada,distorcoes visuais,sintomas somaticos,uso de drogas ilicitas,variavel,transtorno de despersonalizacao/desrealizacao
vergonha,pesadelos,imprudente,despersonalizacao,sintomas pos-concussivos,transtorno mental anterior,< 1 mes,transtorno de estresse agudo
melancolia,dificuldade para pensar,choro,nao especificado,catatonia,transtornos subjacentes,> 2 semanas,transtorno depressivo maior
desespero,amnesia dissociativa,evitativo,intrusao sensorial,resposta de sobressalto exagerada,transtorno mental anterior,> 2 meses,transtorno de estresse pos-traumatico
sofrimento prolongado,amnesia dissociativa,evitativo,desrealizacao,reatividade fisiologica,neuroticismo,< 1 mes,transtorno de estresse agudo
desespero,luto complicado,autodestrutivo,intrusao sensorial,resposta de sobressalto exagerada,transtorno mental anterior,> 2 meses,transtorno de estresse pos-traumatico
desespero,luto complicado,evitativo,intrusao sensorial,resposta de sobressalto exagerada,transtorno mental anterior,> 2 meses,transtorno de estresse pos-traumatico
culpa,lembranca recorrente,impulsivo,flashbacks,ataques de panico,evento traumatico,< 1 mes,transtorno de estresse agudo
inercia,preocupacao,conduta embotada,distorcoes temporais,perda de controle da fala,depressao,variavel,transtorno de despersonalizacao/desrealizacao
reatividade emocional,lembranca recorrente,imprudente,flashbacks,sintomas pos-concussivos,evento traumatico,< 1 mes,transtorno de estresse agudo
melancolia,ideacao suicida,choro,nao especificado,alteracoes no apetite,perda significativa,> 2 semanas,transtorno depressivo maior
anedonia,ideias paranoides,automutilante,intrusao visual,reatividade fisiologica,evento traumatico,> 2 meses,transtorno de estresse pos-traumatico
raiva,pesadelos,agressivo,despersonalizacao,resposta de sobressalto exagerada,transtorno mental anterior,< 1 mes,transtorno de estresse agudo
sentimentos de desvalia,indecisao,tentativa de suicidio,nao especificado,perturbacoes psicomotoras,perda significativa,> 2 semanas,transtorno depressivo maior
hipoemotividade,dificuldade em descrever sintomas,conduta embotada,despersonalizacao,anestesia fisica,depressao,variavel,transtorno de despersonalizacao/desrealizacao
sofrimento prolongado,amnesia dissociativa,evitativo,desrealizacao,reatividade fisiologica,neuroticismo,< 1 mes,transtorno de estresse agudo
medo de dano cerebral,ruminacao,automato,distorcoes visuais,sintomas somaticos,ansiedade,variavel,transtorno de despersonalizacao/desrealizacao
emocoes positivas ausentes,amnesia dissociativa,agressivo,desrealizacao,resposta de sobressalto exagerada,neuroticismo,< 1 mes,transtorno de estresse agudo
culpa,lembranca recorrente,impulsivo,flashbacks,ataques de panico,evento traumatico,< 1 mes,transtorno de estresse agudo
autoaversao,problemas de memoria,suicida,nao especificado,insonia,condicoes medicas cronicas,> 2 semanas,transtorno depressivo maior
culpa,amnesia dissociativa,impulsivo,desrealizacao,ataques de panico,neuroticismo,< 1 mes,transtorno de estresse agudo
angustia generalizada,preocupacao,choro,nao especificado,perda de energia,condicoes medicas incapacitantes,> 2 semanas,transtorno depressivo maior
melancolia,perda de interesse,choro,nao especificado,catatonia,condicoes medicas cronicas,> 2 semanas,transtorno depressivo maior
emocoes positivas ausentes,lembranca recorrente,agressivo,flashbacks,resposta de sobressalto exagerada,evento traumatico,< 1 mes,transtorno de estresse agudo
irritacao,dificuldade de concentracao,automutilante,despersonalizacao,resposta de sobressalto exagerada,transtorno mental anterior,> 2 meses,transtorno de estresse pos-traumatico
anedonia,expectativa negativa,agressivo,intrusao visual,reatividade fisiologica,evento traumatico,> 2 meses,transtorno de estresse pos-traumatico
sentimentos de inutilidade,plano suicida,tentativa de suicidio,nao especificado,perda de energia,herdabilidade,> 2 semanas,transtorno depressivo maior
anedonia,dificuldade para pensar,retraimento social,nao especificado,perturbacoes do sono,evento traumatico,> 2 semanas,transtorno depressivo maior
medo,expectativa negativa,reativo,intrusao visual,reatividade fisiologica,evento traumatico,> 2 meses,transtorno de estresse pos-traumatico
sofrimento intenso,revivencia,irritadico,desrealizacao,perturbacao do sono,neuroticismo,< 1 mes,transtorno de estresse agudo
tristeza,amnesia dissociativa,irritadico,desrealizacao,perturbacao do sono,neuroticismo,< 1 mes,transtorno de estresse agudo
apatia,preocupacao,conduta embotada,experiencia extracorporea,perda de controle da fala,depressao,variavel,transtorno de despersonalizacao/desrealizacao
culpa,dificuldade de concentracao,imprudente,despersonalizacao,resposta de sobressalto exagerada,transtorno mental anterior,> 2 meses,transtorno de estresse pos-traumatico
anestesia emocional,preocupacao,automato,desrealizacao,perda de controle da fala,traumas interpessoais na infancia,variavel,transtorno de despersonalizacao/desrealizacao
raiva,revivencia,suicida,flashbacks,reatividade fisiologica,evento traumatico,> 2 meses,transtorno de estresse pos-traumatico
sentimentos de inutilidade,recordacao intrusiva,tentativa de suicidio,nao especificado,alteracoes no apetite,transtornos subjacentes,> 2 semanas,transtorno depressivo maior
inercia,preocupacao,robotico,distorcoes temporais,perda de controle da fala,evento traumatico,variavel,transtorno de despersonalizacao/desrealizacao
tristeza,amnesia dissociativa,irritadico,desrealizacao,perturbacao do sono,neuroticismo,< 1 mes,transtorno de estresse agudo
inercia,acreditar que esta enlouquecendo,automato,distorcoes temporais,perda de controle dos movimentos,ansiedade,variavel,transtorno de despersonalizacao/desrealizacao
disforia,revivencia,suicida,intrusao sensorial,resposta de sobressalto exagerada,transtorno mental anterior,> 2 meses,transtorno de estresse pos-traumatico
hipoemotividade,acreditar que esta enlouquecendo,automato,despersonalizacao,perda de controle dos movimentos,ansiedade,variavel,transtorno de despersonalizacao/desrealizacao
angustia generalizada,ideacao suicida,choro,nao especificado,hipersonia,transtornos subjacentes,> 2 semanas,transtorno depressivo maior
desesperanca,dificuldade para pensar,retraimento social,nao especificado,fadiga persistente,neuroticismo,> 2 semanas,transtorno depressivo maior
sofrimento prolongado,lembranca recorrente,evitativo,flashbacks,reatividade fisiologica,evento traumatico,< 1 mes,transtorno de estresse agudo
inercia,acreditar que esta enlouquecendo,robotico,distorcoes temporais,perda de controle dos movimentos,ataques de panico,variavel,transtorno de despersonalizacao/desrealizacao
inercia,acreditar que esta enlouquecendo,robotico,distorcoes temporais,perda de controle dos movimentos,ataques de panico,variavel,transtorno de despersonalizacao/desrealizacao
sofrimento intenso,acreditar que esta enlouquecendo,robotico,alteracoes perceptuais,perda de controle dos movimentos,ataques de panico,variavel,transtorno de despersonalizacao/desrealizacao
emocoes positivas ausentes,revivencia,irritadico,desrealizacao,perturbacao do sono,estrategias de enfrentamento inapropriadas,> 2 meses,transtorno de estresse pos-traumatico
desesperanca,problemas de memoria,retraimento social,nao especificado,sintomas somaticos,transtornos subjacentes,> 2 semanas,transtorno depressivo maior
autoaversao,perda de interesse,suicida,nao especificado,insonia,herdabilidade,> 2 semanas,transtorno depressivo maior
tristeza,problemas de memoria,choro,nao especificado,perturbacoes psicomotoras,condicoes medicas cronicas,> 2 semanas,transtorno depressivo maior
apatia,dificuldade em descrever sintomas,automato,experiencia extracorporea,anestesia fisica,traumas interpessoais na infancia,variavel,transtorno de despersonalizacao/desrealizacao
sofrimento intenso,preocupacao,automato,alteracoes perceptuais,perda de controle da fala,traumas interpessoais na infancia,variavel,transtorno de despersonalizacao/desrealizacao
vergonha,hipervigilancia,imprudente,flashbacks,sintomas pos-concussivos,evento traumatico,< 1 mes,transtorno de estresse agudo
anedonia,ideias paranoides,agressivo,intrusao visual,reatividade fisiologica,evento traumatico,> 2 meses,transtorno de estresse pos-traumatico
hipoemotividade,dificuldade em descrever sintomas,robotico,despersonalizacao,anestesia fisica,evento traumatico,variavel,transtorno de despersonalizacao/desrealizacao
inercia,ruminacao,automato,distorcoes temporais,sintomas somaticos,ansiedade,variavel,transtorno de despersonalizacao/desrealizacao
medo,expectativa negativa,imprudente,intrusao visual,reatividade fisiologica,evento traumatico,> 2 meses,transtorno de estresse pos-traumatico
inercia,ruminacao,automato,distorcoes temporais,sintomas somaticos,ansiedade,variavel,transtorno de despersonalizacao/desrealizacao
anedonia,expectativa negativa,automutilante,intrusao visual,reatividade fisiologica,evento traumatico,> 2 meses,transtorno de estresse pos-traumatico
humor deprimido,plano suicida,suicida,nao especificado,fadiga persistente,condicoes medicas cronicas,> 2 semanas,transtorno depressivo maior
anedonia,preocupacao,retraimento social,nao especificado,perturbacoes do sono,transtornos subjacentes,> 2 semanas,transtorno depressivo maior
horror,pesadelos,automutilante,pseudoalucinacoes auditivas,perturbacao do sono,estrategias de enfrentamento inapropriadas,> 2 meses,transtorno de estresse pos-traumatico
sofrimento prolongado,amnesia dissociativa,evitativo,desrealizacao,reatividade fisiologica,neuroticismo,< 1 mes,transtorno de estresse agudo
apatia,ruminacao,conduta embotada,experiencia extracorporea,sintomas somaticos,uso de drogas ilicitas,variavel,transtorno de despersonalizacao/desrealizacao
insensibilidade,acreditar que esta enlouquecendo,robotico,distorcoes auditivas,perda de controle dos movimentos,ataques de panico,variavel,transtorno de despersonalizacao/desrealizacao
sofrimento intenso,pesadelos,irritadico,despersonalizacao,perturbacao do sono,transtorno mental anterior,< 1 mes,transtorno de estresse agudo
surtos de raiva,hipervigilancia,impulsivo,flashbacks,ataques de panico,evento traumatico,< 1 mes,transtorno de estresse agudo
sentimentos de inutilidade,dificuldade de concentracao,tentativa de suicidio,nao especificado,catatonia,transtornos subjacentes,> 2 semanas,transtorno depressivo maior
inercia,dificuldade em descrever sintomas,automato,distorcoes temporais,anestesia fisica,traumas interpessoais na infancia,variavel,transtorno de despersonalizacao/desrealizacao
sofrimento intenso,hipervigilancia,irritadico,flashbacks,perturbacao do sono,evento traumatico,< 1 mes,transtorno de estresse agudo
desespero,revivencia,autodestrutivo,intrusao sensorial,resposta de sobressalto exagerada,transtorno mental anterior,> 2 meses,transtorno de estresse pos-traumatico
sofrimento intenso,acreditar que esta enlouquecendo,conduta embotada,alteracoes perceptuais,perda de controle dos movimentos,uso de drogas ilicitas,variavel,transtorno de despersonalizacao/desrealizacao
sentimentos de inutilidade,dificuldade para pensar,tentativa de suicidio,nao especificado,perda de energia,condicoes medicas incapacitantes,> 2 semanas,transtorno depressivo maior
raiva,hipervigilancia,agressivo,flashbacks,resposta de sobressalto exagerada,evento traumatico,< 1 mes,transtorno de estresse agudo
sofrimento prolongado,expectativa negativa,reativo,pseudoalucinacoes auditivas,perturbacao do sono,estrategias de enfrentamento inapropriadas,> 2 meses,transtorno de estresse pos-traumatico
hipoemotividade,ruminacao,conduta embotada,despersonalizacao,sintomas somaticos,uso de drogas ilicitas,variavel,transtorno de despersonalizacao/desrealizacao
apatia,acreditar que esta enlouquecendo,robotico,experiencia extracorporea,perda de controle dos movimentos,ataques de panico,variavel,transtorno de despersonalizacao/desrealizacao
sofrimento intenso,preocupacao,autodestrutivo,flashbacks,reatividade fisiologica,evento traumatico,> 2 meses,transtorno de estresse pos-traumatico
inercia,ruminacao,conduta embotada,distorcoes temporais,sintomas somaticos,uso de drogas ilicitas,variavel,transtorno de despersonalizacao/desrealizacao
desespero,cognicao erronea,evitativo,intrusao sensorial,resposta de sobressalto exagerada,transtorno mental anterior,> 2 meses,transtorno de estresse pos-traumatico
medo de dano cerebral,preocupacao,robotico,distorcoes visuais,perda de controle da fala,evento traumatico,variavel,transtorno de despersonalizacao/desrealizacao
sofrimento intenso,revivencia,irritadico,desrealizacao,perturbacao do sono,neuroticismo,< 1 mes,transtorno de estresse agudo
desespero,revivencia,evitativo,intrusao sensorial,resposta de sobressalto exagerada,transtorno mental anterior,> 2 meses,transtorno de estresse pos-traumatico
sentimentos de desvalia,perda de interesse,tentativa de suicidio,nao especificado,perda de energia,perda significativa,> 2 semanas,transtorno depressivo maior
horror,pesadelos,automutilante,pseudoalucinacoes auditivas,perturbacao do sono,estrategias de enfrentamento inapropriadas,> 2 meses,transtorno de estresse pos-traumatico
sofrimento intenso,preocupacao,robotico,alteracoes perceptuais,perda de controle da fala,evento traumatico,variavel,transtorno de despersonalizacao/desrealizacao
vergonha,amnesia dissociativa,evitativo,desrealizacao,perturbacao do sono,estrategias de enfrentamento inapropriadas,> 2 meses,transtorno de estresse pos-traumatico
sofrimento intenso,acreditar que esta enlouquecendo,conduta embotada,alteracoes perceptuais,perda de controle dos movimentos,uso de drogas ilicitas,variavel,transtorno de despersonalizacao/desrealizacao
horror,expectativa negativa,agressivo,pseudoalucinacoes auditivas,perturbacao do sono,estrategias de enfrentamento inapropriadas,> 2 meses,transtorno de estresse pos-traumatico
reatividade emocional,amnesia dissociativa,imprudente,desrealizacao,sintomas pos-concussivos,neuroticismo,< 1 mes,transtorno de estresse agudo
melancolia,problemas de memoria,choro,nao especificado,hipersonia,condicoes medicas cronicas,> 2 semanas,transtorno depressivo maior
sofrimento intenso,dificuldade em descrever sintomas,automato,alteracoes perceptuais,anestesia fisica,traumas interpessoais na infancia,variavel,transtorno de despersonalizacao/desrealizacao
apatia,preocupacao,automato,experiencia extracorporea,perda de controle da fala,traumas interpessoais na infancia,variavel,transtorno de despersonalizacao/desrealizacao
medo,revivencia,evitativo,desrealizacao,reatividade fisiologica,neuroticismo,< 1 mes,transtorno de estresse agudo
inercia,dificuldade em descrever sintomas,robotico,distorcoes temporais,anestesia fisica,evento traumatico,variavel,transtorno de despersonalizacao/desrealizacao
anestesia emocional,preocupacao,conduta embotada,desrealizacao,perda de controle da fala,depressao,variavel,transtorno de despersonalizacao/desrealizacao
surtos de raiva,hipervigilancia,impulsivo,flashbacks,ataques de panico,evento traumatico,< 1 mes,transtorno de estresse agudo
hipoemotividade,preocupacao,automato,despersonalizacao,perda de controle da fala,traumas interpessoais na infancia,variavel,transtorno de despersonalizacao/desrealizacao
anestesia emocional,ruminacao,robotico,desrealizacao,sintomas somaticos,ataques de panico,variavel,transtorno de despersonalizacao/desrealizacao
anestesia emocional,preocupacao,automato,desrealizacao,perda de controle da fala,traumas interpessoais na infancia,variavel,transtorno de despersonalizacao/desrealizacao
culpa,ideias paranoides,imprudente,despersonalizacao,resposta de sobressalto exagerada,transtorno mental anterior,> 2 meses,transtorno de estresse pos-traumatico
medo,pesadelos,evitativo,despersonalizacao,reatividade fisiologica,transtorno mental anterior,< 1 mes,transtorno de estresse agudo
desespero,cognicao erronea,autodestrutivo,intrusao sensorial,resposta de sobressalto exagerada,transtorno mental anterior,> 2 meses,transtorno de estresse pos-traumatico
desespero,preocupacao,evitativo,intrusao sensorial,resposta de sobressalto exagerada,transtorno mental anterior,> 2 meses,transtorno de estresse pos-traumatico
desespero,amnesia dissociativa,autodestrutivo,intrusao sensorial,resposta de sobressalto exagerada,transtorno mental anterior,> 2 meses,transtorno de estresse pos-traumatico
medo de dano cerebral,preocupacao,robotico,distorcoes visuais,perda de controle da fala,evento traumatico,variavel,transtorno de despersonalizacao/desrealizacao
medo,pesadelos,evitativo,despersonalizacao,reatividade fisiologica,transtorno mental anterior,< 1 mes,transtorno de estresse agudo
medo,pesadelos,evitativo,despersonalizacao,reatividade fisiologica,transtorno mental anterior,< 1 mes,transtorno de estresse agudo
sofrimento intenso,preocupacao,retraimento social,nao especificado,fadiga persistente,evento traumatico,> 2 semanas,transtorno depressivo maior
apatia,ruminacao,automato,experiencia extracorporea,sintomas somaticos,ansiedade,variavel,transtorno de despersonalizacao/desrealizacao
sofrimento intenso,preocupacao,conduta embotada,alteracoes perceptuais,perda de controle da fala,depressao,variavel,transtorno de despersonalizacao/desrealizacao
disforia,recordacao intrusiva,tentativa de suicidio,nao especificado,hipersonia,evento traumatico,> 2 semanas,transtorno depressivo maior
disforia,ideacao suicida,tentativa de suicidio,nao especificado,perturbacoes psicomotoras,neuroticismo,> 2 semanas,transtorno depressivo maior
inercia,preocupacao,automato,distorcoes temporais,perda de controle da fala,traumas interpessoais na infancia,variavel,transtorno de despersonalizacao/desrealizacao
medo de dano cerebral,preocupacao,conduta embotada,distorcoes visuais,perda de controle da fala,depressao,variavel,transtorno de despersonalizacao/desrealizacao
culpa,dificuldade de concentracao,impulsivo,despersonalizacao,ataques de panico,transtorno mental anterior,< 1 mes,transtorno de estresse agudo
melancolia,recordacao intrusiva,choro,nao especificado,perda de energia,evento traumatico,> 2 semanas,transtorno depressivo maior
melancolia,ruminacao,choro,nao especificado,perturbacoes psicomotoras,neuroticismo,> 2 semanas,transtorno depressivo maior
tristeza,amnesia dissociativa,irritadico,desrealizacao,perturbacao do sono,neuroticismo,< 1 mes,transtorno de estresse agudo
apatia,ruminacao,conduta embotada,experiencia extracorporea,sintomas somaticos,uso de drogas ilicitas,variavel,transtorno de despersonalizacao/desrealizacao
medo,revivencia,evitativo,desrealizacao,reatividade fisiologica,neuroticismo,< 1 mes,transtorno de estresse agudo
surtos de raiva,pesadelos,impulsivo,despersonalizacao,ataques de panico,transtorno mental anterior,< 1 mes,transtorno de estresse agudo
culpa,lembranca recorrente,impulsivo,flashbacks,ataques de panico,evento traumatico,< 1 mes,transtorno de estresse agudo
anedonia,problemas de memoria,retraimento social,nao especificado,alteracoes de peso significativas,evento traumatico,> 2 semanas,transtorno depressivo maior
reatividade emocional,lembranca recorrente,imprudente,flashbacks,sintomas pos-concussivos,evento traumatico,< 1 mes,transtorno de estresse agudo
angustia generalizada,dificuldade de concentracao,choro,nao especificado,catatonia,neuroticismo,> 2 semanas,transtorno depressivo maior
sofrimento prolongado,expectativa negativa,reativo,pseudoalucinacoes auditivas,perturbacao do sono,estrategias de enfrentamento inapropriadas,> 2 meses,transtorno de estresse pos-traumatico
tristeza,dificuldade para pensar,choro,nao especificado,hipersonia,herdabilidade,> 2 semanas,transtorno depressivo maior
tristeza,dificuldade de concentracao,irritadico,despersonalizacao,perturbacao do sono,transtorno mental anterior,< 1 mes,transtorno de estresse agudo
medo,lembranca recorrente,imprudente,intrusao visual,reatividade fisiologica,evento traumatico,> 2 meses,transtorno de estresse pos-traumatico
culpa,amnesia dissociativa,impulsivo,desrealizacao,ataques de panico,neuroticismo,< 1 mes,transtorno de estresse agudo
raiva,amnesia dissociativa,suicida,flashbacks,reatividade fisiologica,evento traumatico,> 2 meses,transtorno de estresse pos-traumatico
irritacao,lembranca recorrente,automutilante,despersonalizacao,resposta de sobressalto exagerada,transtorno mental anterior,> 2 meses,transtorno de estresse pos-traumatico
sofrimento prolongado,dificuldade de concentracao,evitativo,despersonalizacao,reatividade fisiologica,transtorno mental anterior,< 1 mes,transtorno de estresse agudo
tristeza,amnesia dissociativa,irritadico,desrealizacao,perturbacao do sono,neuroticismo,< 1 mes,transtorno de estresse agudo
melancolia,problemas de memoria,choro,nao especificado,alteracoes no apetite,condicoes medicas incapacitantes,> 2 semanas,transtorno depressivo maior
sofrimento intenso,dificuldade de concentracao,retraimento social,nao especificado,insonia,condicoes medicas incapacitantes,> 2 semanas,transtorno depressivo maior
tristeza,indecisao,choro,nao especificado,perda de energia,condicoes medicas incapacitantes,> 2 semanas,transtorno depressivo maior
sofrimento intenso,ruminacao,conduta embotada,alteracoes perceptuais,sintomas somaticos,uso de drogas ilicitas,variavel,transtorno de despersonalizacao/desrealizacao
culpa,dificuldade de concentracao,impulsivo,despersonalizacao,ataques de panico,transtorno mental anterior,< 1 mes,transtorno de estresse agudo
hipoemotividade,dificuldade em descrever sintomas,conduta embotada,despersonalizacao,anestesia fisica,depressao,variavel,transtorno de despersonalizacao/desrealizacao
angustia generalizada,ideacao suicida,choro,nao especificado,perda de energia,evento traumatico,> 2 semanas,transtorno depressivo maior
sofrimento intenso,dificuldade de concentracao,retraimento social,nao especificado,fadiga persistente,transtornos subjacentes,> 2 semanas,transtorno depressivo maior
sofrimento intenso,dificuldade em descrever sintomas,robotico,alteracoes perceptuais,anestesia fisica,evento traumatico,variavel,transtorno de despersonalizacao/desrealizacao
melancolia,ruminacao,choro,nao especificado,perda de energia,perda significativa,> 2 semanas,transtorno depressivo maior
disforia,recordacao intrusiva,tentativa de suicidio,nao especificado,perda de energia,condicoes medicas cronicas,> 2 semanas,transtorno depressivo maior
surtos de raiva,pesadelos,impulsivo,despersonalizacao,ataques de panico,transtorno mental anterior,< 1 mes,transtorno de estresse agudo
emocoes positivas ausentes,cognicao erronea,suicida,desrealizacao,perturbacao do sono,estrategias de enfrentamento inapropriadas,> 2 meses,transtorno de estresse pos-traumatico
melancolia,dificuldade de concentracao,choro,nao especificado,alteracoes no apetite,neuroticismo,> 2 semanas,transtorno depressivo maior
emocoes positivas ausentes,lembranca recorrente,agressivo,flashbacks,resposta de sobressalto exagerada,evento traumatico,< 1 mes,transtorno de estresse agudo
sofrimento intenso,ruminacao,retraimento social,nao especificado,fadiga persistente,condicoes medicas incapacitantes,> 2 semanas,transtorno depressivo maior
medo,pesadelos,imprudente,intrusao visual,reatividade fisiologica,evento traumatico,> 2 meses,transtorno de estresse pos-traumatico
reatividade emocional,lembranca recorrente,imprudente,flashbacks,sintomas pos-concussivos,evento traumatico,< 1 mes,transtorno de estresse agudo
emocoes positivas ausentes,lembranca recorrente,agressivo,flashbacks,resposta de sobressalto exagerada,evento traumatico,< 1 mes,transtorno de estresse agudo
sofrimento intenso,revivencia,irritadico,desrealizacao,perturbacao do sono,neuroticismo,< 1 mes,transtorno de estresse agudo
sofrimento prolongado,lembranca recorrente,imprudente,pseudoalucinacoes auditivas,perturbacao do sono,estrategias de enfrentamento inapropriadas,> 2 meses,transtorno de estresse pos-traumatico
vergonha,pesadelos,imprudente,despersonalizacao,sintomas pos-concussivos,transtorno mental anterior,< 1 mes,transtorno de estresse agudo
emocoes positivas ausentes,revivencia,irritadico,desrealizacao,perturbacao do sono,estrategias de enfrentamento inapropriadas,> 2 meses,transtorno de estresse pos-traumatico
hipoemotividade,acreditar que esta enlouquecendo,robotico,despersonalizacao,perda de controle dos movimentos,ataques de panico,variavel,transtorno de despersonalizacao/desrealizacao
surtos de raiva,revivencia,impulsivo,desrealizacao,ataques de panico,neuroticismo,< 1 mes,transtorno de estresse agudo
culpa,dificuldade de concentracao,impulsivo,despersonalizacao,ataques de panico,transtorno mental anterior,< 1 mes,transtorno de estresse agudo
anestesia emocional,ruminacao,conduta embotada,desrealizacao,sintomas somaticos,uso de drogas ilicitas,variavel,transtorno de despersonalizacao/desrealizacao
inercia,dificuldade em descrever sintomas,automato,distorcoes temporais,anestesia fisica,traumas interpessoais na infancia,variavel,transtorno de despersonalizacao/desrealizacao
sofrimento intenso,ruminacao,automato,alteracoes perceptuais,sintomas somaticos,ansiedade,variavel,transtorno de despersonalizacao/desrealizacao
sofrimento intenso,hipervigilancia,irritadico,flashbacks,perturbacao do sono,evento traumatico,< 1 mes,transtorno de estresse agudo
culpa delirante,dificuldade de concentracao,suicida,nao especificado,sintomas somaticos,neuroticismo,> 2 semanas,transtorno depressivo maior
desesperanca,preocupacao,retraimento social,nao especificado,alteracoes de peso significativas,neuroticismo,> 2 semanas,transtorno depressivo maior
reatividade emocional,dificuldade de concentracao,imprudente,despersonalizacao,sintomas pos-concussivos,transtorno mental anterior,< 1 mes,transtorno de estresse agudo
anestesia emocional,ruminacao,automato,desrealizacao,sintomas somaticos,ansiedade,variavel,transtorno de despersonalizacao/desrealizacao
autoaversao,dificuldade para pensar,suicida,nao especificado,alteracoes de peso significativas,herdabilidade,> 2 semanas,transtorno depressivo maior
desesperanca,recordacao intrusiva,retraimento social,nao especificado,insonia,condicoes medicas incapacitantes,> 2 semanas,transtorno depressivo maior
emocoes positivas ausentes,amnesia dissociativa,suicida,desrealizacao,perturbacao do sono,estrategias de enfrentamento inapropriadas,> 2 meses,transtorno de estresse pos-traumatico
sentimentos de inutilidade,preocupacao,tentativa de suicidio,nao especificado,alteracoes no apetite,condicoes medicas incapacitantes,> 2 semanas,transtorno depressivo maior
sofrimento intenso,ideacao suicida,retraimento social,nao especificado,alteracoes de peso significativas,condicoes medicas incapacitantes,> 2 semanas,transtorno depressivo maior
emocoes positivas ausentes,preocupacao,suicida,desrealizacao,perturbacao do sono,estrategias de enfrentamento inapropriadas,> 2 meses,transtorno de estresse pos-traumatico
apatia,ruminacao,automato,experiencia extracorporea,sintomas somaticos,ansiedade,variavel,transtorno de despersonalizacao/desrealizacao
raiva,revivencia,suicida,flashbacks,reatividade fisiologica,evento traumatico,> 2 meses,transtorno de estresse pos-traumatico
autoaversao,plano suicida,suicida,nao especificado,sintomas somaticos,perda significativa,> 2 semanas,transtorno depressivo maior
reatividade emocional,lembranca recorrente,imprudente,flashbacks,sintomas pos-concussivos,evento traumatico,< 1 mes,transtorno de estresse agudo
culpa,expectativa negativa,imprudente,despersonalizacao,resposta de sobressalto exagerada,transtorno mental anterior,> 2 meses,transtorno de estresse pos-traumatico
medo de dano cerebral,preocupacao,automato,distorcoes visuais,perda de controle da fala,traumas interpessoais na infancia,variavel,transtorno de despersonalizacao/desrealizacao
sofrimento intenso,pesadelos,irritadico,despersonalizacao,perturbacao do sono,transtorno mental anterior,< 1 mes,transtorno de estresse agudo
desespero,cognicao erronea,evitativo,intrusao sensorial,resposta de sobressalto exagerada,transtorno mental anterior,> 2 meses,transtorno de estresse pos-traumatico
vergonha,hipervigilancia,imprudente,flashbacks,sintomas pos-concussivos,evento traumatico,< 1 mes,transtorno de estresse agudo
medo de dano cerebral,dificuldade em descrever sintomas,automato,distorcoes visuais,anestesia fisica,traumas interpessoais na infancia,variavel,transtorno de despersonalizacao/desrealizacao
autoaversao,problemas de memoria,suicida,nao especificado,fadiga persistente,herdabilidade,> 2 semanas,transtorno depressivo maior
disforia,amnesia dissociativa,suicida,intrusao sensorial,resposta de sobressalto exagerada,transtorno mental anterior,> 2 meses,transtorno de estresse pos-traumatico
sentimentos de inutilidade,plano suicida,tentativa de suicidio,nao especificado,alteracoes no apetite,condicoes medicas incapacitantes,> 2 semanas,transtorno depressivo maior
humor deprimido,preocupacao,suicida,nao especificado,alteracoes de peso significativas,perda significativa,> 2 semanas,transtorno depressivo maior
culpa delirante,perda de interesse,suicida,nao especificado,fadiga persistente,condicoes medicas cronicas,> 2 semanas,transtorno depressivo maior
culpa,dificuldade de concentracao,impulsivo,despersonalizacao,ataques de panico,transtorno mental anterior,< 1 mes,transtorno de estresse agudo
anedonia,problemas de memoria,retraimento social,nao especificado,fadiga persistente,neuroticismo,> 2 semanas,transtorno depressivo maior
autoaversao,preocupacao,suicida,nao especificado,fadiga persistente,neuroticismo,> 2 semanas,transtorno depressivo maior
anestesia emocional,dificuldade em descrever sintomas,conduta embotada,desrealizacao,anestesia fisica,depressao,variavel,transtorno de despersonalizacao/desrealizacao
melancolia,perda de interesse,choro,nao especificado,alteracoes no apetite,transtornos subjacentes,> 2 semanas,transtorno depressivo maior
inercia,ruminacao,robotico,distorcoes temporais,sintomas somaticos,ataques de panico,variavel,transtorno de despersonalizacao/desrealizacao
disforia,preocupacao,suicida,intrusao sensorial,resposta de sobressalto exagerada,transtorno mental anterior,> 2 meses,transtorno de estresse pos-traumatico
autoaversao,pensamentos recorrentes de morte,suicida,nao especificado,sintomas somaticos,herdabilidade,> 2 semanas,transtorno depressivo maior
irritacao,lembranca recorrente,agressivo,despersonalizacao,resposta de sobressalto exagerada,transtorno mental anterior,> 2 meses,transtorno de estresse pos-traumatico
medo,pesadelos,evitativo,despersonalizacao,reatividade fisiologica,transtorno mental anterior,< 1 mes,transtorno de estresse agudo
anedonia,lembranca recorrente,agressivo,intrusao visual,reatividade fisiologica,evento traumatico,> 2 meses,transtorno de estresse pos-traumatico
insensibilidade,ruminacao,automato,distorcoes auditivas,sintomas somaticos,ansiedade,variavel,transtorno de despersonalizacao/desrealizacao
humor deprimido,problemas de memoria,suicida,nao especificado,alteracoes de peso significativas,neuroticismo,> 2 semanas,transtorno depressivo maior
sofrimento intenso,indecisao,retraimento social,nao especificado,fadiga persistente,herdabilidade,> 2 semanas,transtorno depressivo maior
surtos de raiva,hipervigilancia,impulsivo,flashbacks,ataques de panico,evento traumatico,< 1 mes,transtorno de estresse agudo
culpa delirante,dificuldade para pensar,suicida,nao especificado,fadiga persistente,transtornos subjacentes,> 2 semanas,transtorno depressivo maior
surtos de raiva,revivencia,impulsivo,desrealizacao,ataques de panico,neuroticismo,< 1 mes,transtorno de estresse agudo
medo,revivencia,evitativo,desrealizacao,reatividade fisiologica,neuroticismo,< 1 mes,transtorno de estresse agudo
sofrimento prolongado,dificuldade de concentracao,evitativo,despersonalizacao,reatividade fisiologica,transtorno mental anterior,< 1 mes,transtorno de estresse agudo
disforia,preocupacao,suicida,intrusao sensorial,resposta de sobressalto exagerada,transtorno mental anterior,> 2 meses,transtorno de estresse pos-traumatico
medo,lembranca recorrente,imprudente,intrusao visual,reatividade fisiologica,evento traumatico,> 2 meses,transtorno de estresse pos-traumatico
anestesia emocional,ruminacao,conduta embotada,desrealizacao,sintomas somaticos,uso de drogas ilicitas,variavel,transtorno de despersonalizacao/desrealizacao
angustia generalizada,pensamentos recorrentes de morte,choro,nao especificado,alteracoes no apetite,condicoes medicas incapacitantes,> 2 semanas,transtorno depressivo maior
disforia,perda de interesse,tentativa de suicidio,nao especificado,perda de energia,transtornos subjacentes,> 2 semanas,transtorno depressivo maior
anestesia emocional,acreditar que esta enlouquecendo,automato,desrealizacao,perda de controle dos movimentos,ansiedade,variavel,transtorno de despersonalizacao/desrealizacao
tristeza,amnesia dissociativa,irritadico,desrealizacao,perturbacao do sono,neuroticismo,< 1 mes,transtorno de estresse agudo
sentimentos de inutilidade,dificuldade para pensar,tentativa de suicidio,nao especificado,hipersonia,perda significativa,> 2 semanas,transtorno depressivo maior
desespero,preocupacao,evitativo,intrusao sensorial,resposta de sobressalto exagerada,transtorno mental anterior,> 2 meses,transtorno de estresse pos-traumatico
insensibilidade,acreditar que esta enlouquecendo,conduta embotada,distorcoes auditivas,perda de controle dos movimentos,uso de drogas ilicitas,variavel,transtorno de despersonalizacao/desrealizacao
raiva,hipervigilancia,agressivo,flashbacks,resposta de sobressalto exagerada,evento traumatico,< 1 mes,transtorno de estresse agudo
sentimentos de inutilidade,ideacao suicida,tentativa de suicidio,nao especificado,perturbacoes psicomotoras,condicoes medicas cronicas,> 2 semanas,transtorno depressivo maior
apatia,dificuldade em descrever sintomas,robotico,experiencia extracorporea,anestesia fisica,evento traumatico,variavel,transtorno de despersonalizacao/desrealizacao
tristeza,dificuldade de concentracao,irritadico,despersonalizacao,perturbacao do sono,transtorno mental anterior,< 1 mes,transtorno de estresse agudo
anestesia emocional,ruminacao,robotico,desrealizacao,sintomas somaticos,ataques de panico,variavel,transtorno de despersonalizacao/desrealizacao
tristeza,dificuldade para pensar,choro,nao especificado,catatonia,evento traumatico,> 2 semanas,transtorno depressivo maior
autoaversao,indecisao,suicida,nao especificado,fadiga persistente,condicoes medicas cronicas,> 2 semanas,transtorno depressivo maior
vergonha,luto complicado,evitativo,desrealizacao,perturbacao do sono,estrategias de enfrentamento inapropriadas,> 2 meses,transtorno de estresse pos-traumatico
tristeza,lembranca recorrente,irritadico,flashbacks,perturbacao do sono,evento traumatico,< 1 mes,transtorno de estresse agudo
anestesia emocional,acreditar que esta enlouquecendo,robotico,desrealizacao,perda de controle dos movimentos,ataques de panico,variavel,transtorno de despersonalizacao/desrealizacao
medo de dano cerebral,dificuldade em descrever sintomas,robotico,distorcoes visuais,anestesia fisica,evento traumatico,variavel,transtorno de despersonalizacao/desrealizacao
culpa delirante,indecisao,suicida,nao especificado,alteracoes de peso significativas,evento traumatico,> 2 semanas,transtorno depressivo maior
humor deprimido,ideacao suicida,suicida,nao especificado,sintomas somaticos,condicoes medicas cronicas,> 2 semanas,transtorno depressivo maior
sofrimento intenso,dificuldade em descrever sintomas,automato,alteracoes perceptuais,anestesia fisica,traumas interpessoais na infancia,variavel,transtorno de despersonalizacao/desrealizacao
vergonha,amnesia dissociativa,evitativo,desrealizacao,perturbacao do sono,estrategias de enfrentamento inapropriadas,> 2 meses,transtorno de estresse pos-traumatico
insensibilidade,preocupacao,robotico,distorcoes auditivas,perda de controle da fala,evento traumatico,variavel,transtorno de despersonalizacao/desrealizacao
culpa delirante,plano suicida,suicida,nao especificado,sintomas somaticos,evento traumatico,> 2 semanas,transtorno depressivo maior
vergonha,luto complicado,autodestrutivo,desrealizacao,perturbacao do sono,estrategias de enfrentamento inapropriadas,> 2 meses,transtorno de estresse pos-traumatico
vergonha,pesadelos,imprudente,despersonalizacao,sintomas pos-concussivos,transtorno mental anterior,< 1 mes,transtorno de estresse agudo
reatividade emocional,amnesia dissociativa,imprudente,desrealizacao,sintomas pos-concussivos,neuroticismo,< 1 mes,transtorno de estresse agudo
horror,expectativa negativa,automutilante,pseudoalucinacoes auditivas,perturbacao do sono,estrategias de enfrentamento inapropriadas,> 2 meses,transtorno de estresse pos-traumatico
sofrimento intenso,revivencia,irritadico,desrealizacao,perturbacao do sono,neuroticismo,< 1 mes,transtorno de estresse agudo
sofrimento intenso,preocupacao,evitativo,flashbacks,reatividade fisiologica,evento traumatico,> 2 meses,transtorno de estresse pos-traumatico
irritacao,expectativa negativa,agressivo,despersonalizacao,resposta de sobressalto exagerada,transtorno mental anterior,> 2 meses,transtorno de estresse pos-traumatico
surtos de raiva,pesadelos,impulsivo,despersonalizacao,ataques de panico,transtorno mental anterior,< 1 mes,transtorno de estresse agudo
disforia,preocupacao,suicida,intrusao sensorial,resposta de sobressalto exagerada,transtorno mental anterior,> 2 meses,transtorno de estresse pos-traumatico
emocoes positivas ausentes,amnesia dissociativa,agressivo,desrealizacao,resposta de sobressalto exagerada,neuroticismo,< 1 mes,transtorno de estresse agudo
anedonia,dificuldade para pensar,retraimento social,nao especificado,sintomas somaticos,condicoes medicas cronicas,> 2 semanas,transtorno depressivo maior
sofrimento intenso,dificuldade em descrever sintomas,conduta embotada,alteracoes perceptuais,anestesia fisica,depressao,variavel,transtorno de despersonalizacao/desrealizacao
desesperanca,ideacao suicida,retraimento social,nao especificado,perturbacoes do sono,perda significativa,> 2 semanas,transtorno depressivo maior
sofrimento intenso,preocupacao,evitativo,flashbacks,reatividade fisiologica,evento traumatico,> 2 meses,transtorno de estresse pos-traumatico
sentimentos de inutilidade,indecisao,tentativa de suicidio,nao especificado,alteracoes no apetite,neuroticismo,> 2 semanas,transtorno depressivo maior
tristeza,amnesia dissociativa,irritadico,desrealizacao,perturbacao do sono,neuroticismo,< 1 mes,transtorno de estresse agudo
disforia,revivencia,suicida,intrusao sensorial,resposta de sobressalto exagerada,transtorno mental anterior,> 2 meses,transtorno de estresse pos-traumatico
angustia generalizada,preocupacao,choro,nao especificado,perturbacoes psicomotoras,evento traumatico,> 2 semanas,transtorno depressivo maior
surtos de raiva,pesadelos,impulsivo,despersonalizacao,ataques de panico,transtorno mental anterior,< 1 mes,transtorno de estresse agudo
melancolia,plano suicida,choro,nao especificado,alteracoes no apetite,evento traumatico,> 2 semanas,transtorno depressivo maior
surtos de raiva,pesadelos,impulsivo,despersonalizacao,ataques de panico,transtorno mental anterior,< 1 mes,transtorno de estresse agudo
melancolia,pensamentos recorrentes de morte,choro,nao especificado,catatonia,herdabilidade,> 2 semanas,transtorno depressivo maior
culpa,lembranca recorrente,impulsivo,flashbacks,ataques de panico,evento traumatico,< 1 mes,transtorno de estresse agudo
culpa,dificuldade de concentracao,impulsivo,despersonalizacao,ataques de panico,transtorno mental anterior,< 1 mes,transtorno de estresse agudo
apatia,dificuldade em descrever sintomas,automato,experiencia extracorporea,anestesia fisica,traumas interpessoais na infancia,variavel,transtorno de despersonalizacao/desrealizacao
vergonha,preocupacao,autodestrutivo,desrealizacao,perturbacao do sono,estrategias de enfrentamento inapropriadas,> 2 meses,transtorno de estresse pos-traumatico
vergonha,revivencia,imprudente,desrealizacao,sintomas pos-concussivos,neuroticismo,< 1 mes,transtorno de estresse agudo
sofrimento prolongado,expectativa negativa,reativo,pseudoalucinacoes auditivas,perturbacao do sono,estrategias de enfrentamento inapropriadas,> 2 meses,transtorno de estresse pos-traumatico
sofrimento prolongado,ideias paranoides,reativo,pseudoalucinacoes auditivas,perturbacao do sono,estrategias de enfrentamento inapropriadas,> 2 meses,transtorno de estresse pos-traumatico
culpa,dificuldade de concentracao,impulsivo,despersonalizacao,ataques de panico,transtorno mental anterior,< 1 mes,transtorno de estresse agudo
hipoemotividade,ruminacao,robotico,despersonalizacao,sintomas somaticos,ataques de panico,variavel,transtorno de despersonalizacao/desrealizacao
medo de dano cerebral,acreditar que esta enlouquecendo,automato,distorcoes visuais,perda de controle dos movimentos,ansiedade,variavel,transtorno de despersonalizacao/desrealizacao
apatia,acreditar que esta enlouquecendo,conduta embotada,experiencia extracorporea,perda de controle dos movimentos,uso de drogas ilicitas,variavel,transtorno de despersonalizacao/desrealizacao
hipoemotividade,acreditar que esta enlouquecendo,conduta embotada,despersonalizacao,perda de controle dos movimentos,uso de drogas ilicitas,variavel,transtorno de despersonalizacao/desrealizacao
medo,hipervigilancia,evitativo,flashbacks,reatividade fisiologica,evento traumatico,< 1 mes,transtorno de estresse agudo
horror,pesadelos,automutilante,pseudoalucinacoes auditivas,perturbacao do sono,estrategias de enfrentamento inapropriadas,> 2 meses,transtorno de estresse pos-traumatico
tristeza,plano suicida,choro,nao especificado,perda de energia,condicoes medicas cronicas,> 2 semanas,transtorno depressivo maior
anedonia,pesadelos,automutilante,intrusao visual,reatividade fisiologica,evento traumatico,> 2 meses,transtorno de estresse pos-traumatico
anedonia,lembranca recorrente,agressivo,intrusao visual,reatividade fisiologica,evento traumatico,> 2 meses,transtorno de estresse pos-traumatico
sofrimento intenso,ideacao suicida,retraimento social,nao especificado,fadiga persistente,perda significativa,> 2 semanas,transtorno depressivo maior
emocoes positivas ausentes,lembranca recorrente,agressivo,flashbacks,resposta de sobressalto exagerada,evento traumatico,< 1 mes,transtorno de estresse agudo
sofrimento intenso,revivencia,evitativo,flashbacks,reatividade fisiologica,evento traumatico,> 2 meses,transtorno de estresse pos-traumatico
sofrimento intenso,dificuldade em descrever sintomas,conduta embotada,alteracoes perceptuais,anestesia fisica,depressao,variavel,transtorno de despersonalizacao/desrealizacao
culpa,lembranca recorrente,impulsivo,flashbacks,ataques de panico,evento traumatico,< 1 mes,transtorno de estresse agudo
disforia,cognicao erronea,irritadico,intrusao sensorial,resposta de sobressalto exagerada,transtorno mental anterior,> 2 meses,transtorno de estresse pos-traumatico
emocoes positivas ausentes,cognicao erronea,irritadico,desrealizacao,perturbacao do sono,estrategias de enfrentamento inapropriadas,> 2 meses,transtorno de estresse pos-traumatico
apatia,dificuldade em descrever sintomas,robotico,experiencia extracorporea,anestesia fisica,evento traumatico,variavel,transtorno de despersonalizacao/desrealizacao
sofrimento intenso,ruminacao,automato,alteracoes perceptuais,sintomas somaticos,ansiedade,variavel,transtorno de despersonalizacao/desrealizacao
tristeza,preocupacao,choro,nao especificado,catatonia,neuroticismo,> 2 semanas,transtorno depressivo maior
sofrimento prolongado,lembranca recorrente,evitativo,flashbacks,reatividade fisiologica,evento traumatico,< 1 mes,transtorno de estresse agudo
sentimentos de inutilidade,plano suicida,tentativa de suicidio,nao especificado,perturbacoes psicomotoras,transtornos subjacentes,> 2 semanas,transtorno depressivo maior
sofrimento intenso,preocupacao,conduta embotada,alteracoes perceptuais,perda de controle da fala,depressao,variavel,transtorno de despersonalizacao/desrealizacao
medo,pesadelos,evitativo,despersonalizacao,reatividade fisiologica,transtorno mental anterior,< 1 mes,transtorno de estresse agudo
sofrimento intenso,ruminacao,conduta embotada,alteracoes perceptuais,sintomas somaticos,uso de drogas ilicitas,variavel,transtorno de despersonalizacao/desrealizacao
reatividade emocional,amnesia dissociativa,imprudente,desrealizacao,sintomas pos-concussivos,neuroticismo,< 1 mes,transtorno de estresse agudo
sentimentos de desvalia,indecisao,tentativa de suicidio,nao especificado,perda de energia,evento traumatico,> 2 semanas,transtorno depressivo maior
vergonha,preocupacao,evitativo,desrealizacao,perturbacao do sono,estrategias de enfrentamento inapropriadas,> 2 meses,transtorno de estresse pos-traumatico
vergonha,revivencia,evitativo,desrealizacao,perturbacao do sono,estrategias de enfrentamento inapropriadas,> 2 meses,transtorno de estresse pos-traumatico
tristeza,amnesia dissociativa,irritadico,desrealizacao,perturbacao do sono,neuroticismo,< 1 mes,transtorno de estresse agudo
emocoes positivas ausentes,dificuldade de concentracao,agressivo,despersonalizacao,resposta de sobressalto exagerada,transtorno mental anterior,< 1 mes,transtorno de estresse agudo
sofrimento prolongado,lembranca recorrente,evitativo,flashbacks,reatividade fisiologica,evento traumatico,< 1 mes,transtorno de estresse agudo
autoaversao,ruminacao,suicida,nao especificado,perturbacoes do sono,neuroticismo,> 2 semanas,transtorno depressivo maior
vergonha,luto complicado,autodestrutivo,desrealizacao,perturbacao do sono,estrategias de enfrentamento inapropriadas,> 2 meses,transtorno de estresse pos-traumatico
culpa,lembranca recorrente,impulsivo,flashbacks,ataques de panico,evento traumatico,< 1 mes,transtorno de estresse agudo
medo de dano cerebral,ruminacao,robotico,distorcoes visuais,sintomas somaticos,ataques de panico,variavel,transtorno de despersonalizacao/desrealizacao
culpa,amnesia dissociativa,impulsivo,desrealizacao,ataques de panico,neuroticismo,< 1 mes,transtorno de estresse agudo
anestesia emocional,dificuldade em descrever sintomas,robotico,desrealizacao,anestesia fisica,evento traumatico,variavel,transtorno de despersonalizacao/desrealizacao
desespero,luto complicado,autodestrutivo,intrusao sensorial,resposta de sobressalto exagerada,transtorno mental anterior,> 2 meses,transtorno de estresse pos-traumatico
tristeza,amnesia dissociativa,irritadico,desrealizacao,perturbacao do sono,neuroticismo,< 1 mes,transtorno de estresse agudo
medo de dano cerebral,dificuldade em descrever sintomas,conduta embotada,distorcoes visuais,anestesia fisica,depressao,variavel,transtorno de despersonalizacao/desrealizacao
culpa delirante,ruminacao,suicida,nao especificado,perturbacoes do sono,perda significativa,> 2 semanas,transtorno depressivo maior
raiva,revivencia,agressivo,desrealizacao,resposta de sobressalto exagerada,neuroticismo,< 1 mes,transtorno de estresse agudo
culpa,lembranca recorrente,imprudente,despersonalizacao,resposta de sobressalto exagerada,transtorno mental anterior,> 2 meses,transtorno de estresse pos-traumatico
melancolia,indecisao,choro,nao especificado,alteracoes no apetite,perda significativa,> 2 semanas,transtorno depressivo maior
surtos de raiva,revivencia,impulsivo,desrealizacao,ataques de panico,neuroticismo,< 1 mes,transtorno de estresse agudo
disforia,amnesia dissociativa,suicida,intrusao sensorial,resposta de sobressalto exagerada,transtorno mental anterior,> 2 meses,transtorno de estresse pos-traumatico
medo,dificuldade de concentracao,reativo,intrusao visual,reatividade fisiologica,evento traumatico,> 2 meses,transtorno de estresse pos-traumatico
apatia,dificuldade em descrever sintomas,automato,experiencia extracorporea,anestesia fisica,traumas interpessoais na infancia,variavel,transtorno de despersonalizacao/desrealizacao
insensibilidade,ruminacao,robotico,distorcoes auditivas,sintomas somaticos,ataques de panico,variavel,transtorno de despersonalizacao/desrealizacao
anestesia emocional,preocupacao,robotico,desrealizacao,perda de controle da fala,evento traumatico,variavel,transtorno de despersonalizacao/desrealizacao
vergonha,pesadelos,imprudente,despersonalizacao,sintomas pos-concussivos,transtorno mental anterior,< 1 mes,transtorno de estresse agudo
anedonia,plano suicida,retraimento social,nao especificado,fadiga persistente,herdabilidade,> 2 semanas,transtorno depressivo maior
tristeza,problemas de memoria,choro,nao especificado,alteracoes no apetite,neuroticismo,> 2 semanas,transtorno depressivo maior
desesperanca,indecisao,retraimento social,nao especificado,alteracoes de peso significativas,condicoes medicas cronicas,> 2 semanas,transtorno depressivo maior
inercia,dificuldade em descrever sintomas,conduta embotada,distorcoes temporais,anestesia fisica,depressao,variavel,transtorno de despersonalizacao/desrealizacao
medo,revivencia,evitativo,desrealizacao,reatividade fisiologica,neuroticismo,< 1 mes,transtorno de estresse agudo
tristeza,amnesia dissociativa,irritadico,desrealizacao,perturbacao do sono,neuroticismo,< 1 mes,transtorno de estresse agudo
tristeza,amnesia dissociativa,irritadico,desrealizacao,perturbacao do sono,neuroticismo,< 1 mes,transtorno de estresse agudo
disforia,recordacao intrusiva,tentativa de suicidio,nao especificado,alteracoes no apetite,perda significativa,> 2 semanas,transtorno depressivo maior
sofrimento intenso,amnesia dissociativa,autodestrutivo,flashbacks,reatividade fisiologica,evento traumatico,> 2 meses,transtorno de estresse pos-traumatico
sofrimento intenso,dificuldade em descrever sintomas,automato,alteracoes perceptuais,anestesia fisica,traumas interpessoais na infancia,variavel,transtorno de despersonalizacao/desrealizacao
inercia,dificuldade em descrever sintomas,robotico,distorcoes temporais,anestesia fisica,evento traumatico,variavel,transtorno de despersonalizacao/desrealizacao
raiva,preocupacao,irritadico,flashbacks,reatividade fisiologica,evento traumatico,> 2 meses,transtorno de estresse pos-traumatico
hipoemotividade,acreditar que esta enlouquecendo,conduta embotada,despersonalizacao,perda de controle dos movimentos,uso de drogas ilicitas,variavel,transtorno de despersonalizacao/desrealizacao
humor deprimido,dificuldade de concentracao,suicida,nao especificado,insonia,transtornos subjacentes,> 2 semanas,transtorno depressivo maior
hipoemotividade,dificuldade em descrever sintomas,robotico,despersonalizacao,anestesia fisica,evento traumatico,variavel,transtorno de despersonalizacao/desrealizacao
surtos de raiva,hipervigilancia,impulsivo,flashbacks,ataques de panico,evento traumatico,< 1 mes,transtorno de estresse agudo
hipoemotividade,acreditar que esta enlouquecendo,robotico,despersonalizacao,perda de controle dos movimentos,ataques de panico,variavel,transtorno de despersonalizacao/desrealizacao
desesperanca,dificuldade para pensar,retraimento social,nao especificado,sintomas somaticos,perda significativa,> 2 semanas,transtorno depressivo maior
hipoemotividade,dificuldade em descrever sintomas,automato,despersonalizacao,anestesia fisica,traumas interpessoais na infancia,variavel,transtorno de despersonalizacao/desrealizacao
anestesia emocional,preocupacao,robotico,desrealizacao,perda de controle da fala,evento traumatico,variavel,transtorno de despersonalizacao/desrealizacao
disforia,indecisao,tentativa de suicidio,nao especificado,hipersonia,condicoes medicas cronicas,> 2 semanas,transtorno depressivo maior
apatia,ruminacao,robotico,experiencia extracorporea,sintomas somaticos,ataques de panico,variavel,transtorno de despersonalizacao/desrealizacao
hipoemotividade,preocupacao,robotico,despersonalizacao,perda de controle da fala,evento traumatico,variavel,transtorno de despersonalizacao/desrealizacao
sofrimento intenso,cognicao erronea,evitativo,flashbacks,reatividade fisiologica,evento traumatico,> 2 meses,transtorno de estresse pos-traumatico
culpa delirante,plano suicida,suicida,nao especificado,perturbacoes do sono,neuroticismo,> 2 semanas,transtorno depressivo maior
raiva,preocupacao,suicida,flashbacks,reatividade fisiologica,evento traumatico,> 2 meses,transtorno de estresse pos-traumatico
apatia,acreditar que esta enlouquecendo,automato,experiencia extracorporea,perda de controle dos movimentos,ansiedade,variavel,transtorno de despersonalizacao/desrealizacao
anestesia emocional,ruminacao,conduta embotada,desrealizacao,sintomas somaticos,uso de drogas ilicitas,variavel,transtorno de despersonalizacao/desrealizacao
raiva,preocupacao,suicida,flashbacks,reatividade fisiologica,evento traumatico,> 2 meses,transtorno de estresse pos-traumatico
sofrimento intenso,perda de interesse,retraimento social,nao especificado,fadiga persistente,transtornos subjacentes,> 2 semanas,transtorno depressivo maior
sentimentos de inutilidade,indecisao,tentativa de suicidio,nao especificado,perda de energia,transtornos subjacentes,> 2 semanas,transtorno depressivo maior
sofrimento intenso,perda de interesse,retraimento social,nao especificado,sintomas somaticos,herdabilidade,> 2 semanas,transtorno depressivo maior
culpa,amnesia dissociativa,impulsivo,desrealizacao,ataques de panico,neuroticismo,< 1 mes,transtorno de estresse agudo
inercia,ruminacao,automato,distorcoes temporais,sintomas somaticos,ansiedade,variavel,transtorno de despersonalizacao/desrealizacao
sofrimento intenso,perda de interesse,retraimento social,nao especificado,alteracoes de peso significativas,neuroticismo,> 2 semanas,transtorno depressivo maior
anestesia emocional,preocupacao,conduta embotada,desrealizacao,perda de controle da fala,depressao,variavel,transtorno de despersonalizacao/desrealizacao
medo,expectativa negativa,imprudente,intrusao visual,reatividade fisiologica,evento traumatico,> 2 meses,transtorno de estresse pos-traumatico
emocoes positivas ausentes,luto complicado,irritadico,desrealizacao,perturbacao do sono,estrategias de enfrentamento inapropriadas,> 2 meses,transtorno de estresse pos-traumatico
disforia,perda de interesse,tentativa de suicidio,nao especificado,catatonia,herdabilidade,> 2 semanas,transtorno depressivo maior
irritacao,pesadelos,agressivo,despersonalizacao,resposta de sobressalto exagerada,transtorno mental anterior,> 2 meses,transtorno de estresse pos-traumatico
inercia,dificuldade em descrever sintomas,conduta embotada,distorcoes temporais,anestesia fisica,depressao,variavel,transtorno de despersonalizacao/desrealizacao
sentimentos de inutilidade,ideacao suicida,tentativa de suicidio,nao especificado,catatonia,perda significativa,> 2 semanas,transtorno depressivo maior
irritacao,lembranca recorrente,agressivo,despersonalizacao,resposta de sobressalto exagerada,transtorno mental anterior,> 2 meses,transtorno de estresse pos-traumatico
sentimentos de inutilidade,perda de interesse,tentativa de suicidio,nao especificado,hipersonia,neuroticismo,> 2 semanas,transtorno depressivo maior
hipoemotividade,preocupacao,conduta embotada,despersonalizacao,perda de controle da fala,depressao,variavel,transtorno de despersonalizacao/desrealizacao
sentimentos de inutilidade,problemas de memoria,tentativa de suicidio,nao especificado,perda de energia,neuroticismo,> 2 semanas,transtorno depressivo maior
anedonia,expectativa negativa,agressivo,intrusao visual,reatividade fisiologica,evento traumatico,> 2 meses,transtorno de estresse pos-traumatico
raiva,pesadelos,agressivo,despersonalizacao,resposta de sobressalto exagerada,transtorno mental anterior,< 1 mes,transtorno de estresse agudo
tristeza,amnesia dissociativa,irritadico,desrealizacao,perturbacao do sono,neuroticismo,< 1 mes,transtorno de estresse agudo
hipoemotividade,ruminacao,conduta embotada,despersonalizacao,sintomas somaticos,uso de drogas ilicitas,variavel,transtorno de despersonalizacao/desrealizacao
emocoes positivas ausentes,dificuldade de concentracao,agressivo,despersonalizacao,resposta de sobressalto exagerada,transtorno mental anterior,< 1 mes,transtorno de estresse agudo
humor deprimido,pensamentos recorrentes de morte,suicida,nao especificado,insonia,neuroticismo,> 2 semanas,transtorno depressivo maior
surtos de raiva,pesadelos,impulsivo,despersonalizacao,ataques de panico,transtorno mental anterior,< 1 mes,transtorno de estresse agudo
disforia,preocupacao,suicida,intrusao sensorial,resposta de sobressalto exagerada,transtorno mental anterior,> 2 meses,transtorno de estresse pos-traumatico
disforia,preocupacao,irritadico,intrusao sensorial,resposta de sobressalto exagerada,transtorno mental anterior,> 2 meses,transtorno de estresse pos-traumatico
surtos de raiva,revivencia,impulsivo,desrealizacao,ataques de panico,neuroticismo,< 1 mes,transtorno de estresse agudo
hipoemotividade,dificuldade em descrever sintomas,automato,despersonalizacao,anestesia fisica,traumas interpessoais na infancia,variavel,transtorno de despersonalizacao/desrealizacao
raiva,cognicao erronea,suicida,flashbacks,reatividade fisiologica,evento traumatico,> 2 meses,transtorno de estresse pos-traumatico
culpa,lembranca recorrente,impulsivo,flashbacks,ataques de panico,evento traumatico,< 1 mes,transtorno de estresse agudo
sofrimento prolongado,dificuldade de concentracao,evitativo,despersonalizacao,reatividade fisiologica,transtorno mental anterior,< 1 mes,transtorno de estresse agudo
anestesia emocional,acreditar que esta enlouquecendo,automato,desrealizacao,perda de controle dos movimentos,ansiedade,variavel,transtorno de despersonalizacao/desrealizacao
tristeza,preocupacao,choro,nao especificado,alteracoes no apetite,perda significativa,> 2 semanas,transtorno depressivo maior
emocoes positivas ausentes,dificuldade de concentracao,agressivo,despersonalizacao,resposta de sobressalto exagerada,transtorno mental anterior,< 1 mes,transtorno de estresse agudo
vergonha,revivencia,imprudente,desrealizacao,sintomas pos-concussivos,neuroticismo,< 1 mes,transtorno de estresse agudo
insensibilidade,dificuldade em descrever sintomas,conduta embotada,distorcoes auditivas,anestesia fisica,depressao,variavel,transtorno de despersonalizacao/desrealizacao
medo de dano cerebral,preocupacao,automato,distorcoes visuais,perda de controle da fala,traumas interpessoais na infancia,variavel,transtorno de despersonalizacao/desrealizacao
reatividade emocional,amnesia dissociativa,imprudente,desrealizacao,sintomas pos-concussivos,neuroticismo,< 1 mes,transtorno de estresse agudo
inercia,dificuldade em descrever sintomas,automato,distorcoes temporais,anestesia fisica,traumas interpessoais na infancia,variavel,transtorno de despersonalizacao/desrealizacao
disforia,preocupacao,tentativa de suicidio,nao especificado,alteracoes no apetite,herdabilidade,> 2 semanas,transtorno depressivo maior
sofrimento prolongado,lembranca recorrente,reativo,pseudoalucinacoes auditivas,perturbacao do sono,estrategias de enfrentamento inapropriadas,> 2 meses,transtorno de estresse pos-traumatico
insensibilidade,ruminacao,automato,distorcoes auditivas,sintomas somaticos,ansiedade,variavel,transtorno de despersonalizacao/desrealizacao
sofrimento intenso,pesadelos,irritadico,despersonalizacao,perturbacao do sono,transtorno mental anterior,< 1 mes,transtorno de estresse agudo
culpa,dificuldade de concentracao,impulsivo,despersonalizacao,ataques de panico,transtorno mental anterior,< 1 mes,transtorno de estresse agudo
reatividade emocional,lembranca recorrente,imprudente,flashbacks,sintomas pos-concussivos,evento traumatico,< 1 mes,transtorno de estresse agudo
sofrimento prolongado,dificuldade de concentracao,reativo,pseudoalucinacoes auditivas,perturbacao do sono,estrategias de enfrentamento inapropriadas,> 2 meses,transtorno de estresse pos-traumatico
irritacao,dificuldade de concentracao,agressivo,despersonalizacao,resposta de sobressalto exagerada,transtorno mental anterior,> 2 meses,transtorno de estresse pos-traumatico
vergonha,revivencia,imprudente,desrealizacao,sintomas pos-concussivos,neuroticismo,< 1 mes,transtorno de estresse agudo
anedonia,pesadelos,agressivo,intrusao visual,reatividade fisiologica,evento traumatico,> 2 meses,transtorno de estresse pos-traumatico
horror,pesadelos,agressivo,pseudoalucinacoes auditivas,perturbacao do sono,estrategias de enfrentamento inapropriadas,> 2 meses,transtorno de estresse pos-traumatico
autoaversao,preocupacao,suicida,nao especificado,sintomas somaticos,perda significativa,> 2 semanas,transtorno depressivo maior
disforia,perda de interesse,tentativa de suicidio,nao especificado,hipersonia,condicoes medicas incapacitantes,> 2 semanas,transtorno depressivo maior
surtos de raiva,pesadelos,impulsivo,despersonalizacao,ataques de panico,transtorno mental anterior,< 1 mes,transtorno de estresse agudo
sofrimento intenso,acreditar que esta enlouquecendo,automato,alteracoes perceptuais,perda de controle dos movimentos,ansiedade,variavel,transtorno de despersonalizacao/desrealizacao
raiva,cognicao erronea,suicida,flashbacks,reatividade fisiologica,evento traumatico,> 2 meses,transtorno de estresse pos-traumatico
insensibilidade,acreditar que esta enlouquecendo,conduta embotada,distorcoes auditivas,perda de controle dos movimentos,uso de drogas ilicitas,variavel,transtorno de despersonalizacao/desrealizacao
disforia,amnesia dissociativa,irritadico,intrusao sensorial,resposta de sobressalto exagerada,transtorno mental anterior,> 2 meses,transtorno de estresse pos-traumatico
sofrimento intenso,indecisao,retraimento social,nao especificado,perturbacoes do sono,transtornos subjacentes,> 2 semanas,transtorno depressivo maior
sofrimento intenso,revivencia,irritadico,desrealizacao,perturbacao do sono,neuroticismo,< 1 mes,transtorno de estresse agudo
emocoes positivas ausentes,lembranca recorrente,agressivo,flashbacks,resposta de sobressalto exagerada,evento traumatico,< 1 mes,transtorno de estresse agudo
culpa,lembranca recorrente,impulsivo,flashbacks,ataques de panico,evento traumatico,< 1 mes,transtorno de estresse agudo
tristeza,dificuldade de concentracao,irritadico,despersonalizacao,perturbacao do sono,transtorno mental anterior,< 1 mes,transtorno de estresse agudo
sentimentos de desvalia,ruminacao,tentativa de suicidio,nao especificado,perda de energia,herdabilidade,> 2 semanas,transtorno depressivo maior
horror,ideias paranoides,agressivo,pseudoalucinacoes auditivas,perturbacao do sono,estrategias de enfrentamento inapropriadas,> 2 meses,transtorno de estresse pos-traumatico
tristeza,ruminacao,choro,nao especificado,perturbacoes psicomotoras,condicoes medicas cronicas,> 2 semanas,transtorno depressivo maior
sentimentos de desvalia,recordacao intrusiva,tentativa de suicidio,nao especificado,perda de energia,neuroticismo,> 2 semanas,transtorno depressivo maior
humor deprimido,dificuldade para pensar,suicida,nao especificado,fadiga persistente,perda significativa,> 2 semanas,transtorno depressivo maior
raiva,revivencia,agressivo,desrealizacao,resposta de sobressalto exagerada,neuroticismo,< 1 mes,transtorno de estresse agudo
desesperanca,perda de interesse,retraimento social,nao especificado,insonia,condicoes medicas cronicas,> 2 semanas,transtorno depressivo maior
disforia,revivencia,irritadico,intrusao sensorial,resposta de sobressalto exagerada,transtorno mental anterior,> 2 meses,transtorno de estresse pos-traumatico
anestesia emocional,preocupacao,robotico,desrealizacao,perda de controle da fala,evento traumatico,variavel,transtorno de despersonalizacao/desrealizacao
humor deprimido,ideacao suicida,suicida,nao especificado,fadiga persistente,condicoes medicas incapacitantes,> 2 semanas,transtorno depressivo maior
emocoes positivas ausentes,amnesia dissociativa,agressivo,desrealizacao,resposta de sobressalto exagerada,neuroticismo,< 1 mes,transtorno de estresse agudo
angustia generalizada,ruminacao,choro,nao especificado,perturbacoes psicomotoras,condicoes medicas incapacitantes,> 2 semanas,transtorno depressivo maior
vergonha,pesadelos,imprudente,despersonalizacao,sintomas pos-concussivos,transtorno mental anterior,< 1 mes,transtorno de estresse agudo
autoaversao,preocupacao,suicida,nao especificado,insonia,transtornos subjacentes,> 2 semanas,transtorno depressivo maior
emocoes positivas ausentes,revivencia,irritadico,desrealizacao,perturbacao do sono,estrategias de enfrentamento inapropriadas,> 2 meses,transtorno de estresse pos-traumatico
angustia generalizada,dificuldade de concentracao,choro,nao especificado,perda de energia,herdabilidade,> 2 semanas,transtorno depressivo maior
apatia,preocupacao,automato,experiencia extracorporea,perda de controle da fala,traumas interpessoais na infancia,variavel,transtorno de despersonalizacao/desrealizacao
culpa delirante,dificuldade para pensar,suicida,nao especificado,perturbacoes do sono,condicoes medicas cronicas,> 2 semanas,transtorno depressivo maior
emocoes positivas ausentes,amnesia dissociativa,suicida,desrealizacao,perturbacao do sono,estrategias de enfrentamento inapropriadas,> 2 meses,transtorno de estresse pos-traumatico
sofrimento intenso,dificuldade em descrever sintomas,conduta embotada,alteracoes perceptuais,anestesia fisica,depressao,variavel,transtorno de despersonalizacao/desrealizacao
sofrimento prolongado,pesadelos,reativo,pseudoalucinacoes auditivas,perturbacao do sono,estrategias de enfrentamento inapropriadas,> 2 meses,transtorno de estresse pos-traumatico
horror,dificuldade de concentracao,agressivo,pseudoalucinacoes auditivas,perturbacao do sono,estrategias de enfrentamento inapropriadas,> 2 meses,transtorno de estresse pos-traumatico
reatividade emocional,amnesia dissociativa,imprudente,desrealizacao,sintomas pos-concussivos,neuroticismo,< 1 mes,transtorno de estresse agudo
medo de dano cerebral,acreditar que esta enlouquecendo,robotico,distorcoes visuais,perda de controle dos movimentos,ataques de panico,variavel,transtorno de despersonalizacao/desrealizacao
raiva,luto complicado,suicida,flashbacks,reatividade fisiologica,evento traumatico,> 2 meses,transtorno de estresse pos-traumatico
sofrimento intenso,luto complicado,evitativo,flashbacks,reatividade fisiologica,evento traumatico,> 2 meses,transtorno de estresse pos-traumatico
anedonia,problemas de memoria,retraimento social,nao especificado,insonia,condicoes medicas incapacitantes,> 2 semanas,transtorno depressivo maior
anestesia emocional,dificuldade em descrever sintomas,automato,desrealizacao,anestesia fisica,traumas interpessoais na infancia,variavel,transtorno de despersonalizacao/desrealizacao
sofrimento intenso,preocupacao,conduta embotada,alteracoes perceptuais,perda de controle da fala,depressao,variavel,transtorno de despersonalizacao/desrealizacao
raiva,pesadelos,agressivo,despersonalizacao,resposta de sobressalto exagerada,transtorno mental anterior,< 1 mes,transtorno de estresse agudo
desesperanca,preocupacao,retraimento social,nao especificado,fadiga persistente,transtornos subjacentes,> 2 semanas,transtorno depressivo maior
insensibilidade,preocupacao,robotico,distorcoes auditivas,perda de controle da fala,evento traumatico,variavel,transtorno de despersonalizacao/desrealizacao
anedonia,recordacao intrusiva,retraimento social,nao especificado,fadiga persistente,perda significativa,> 2 semanas,transtorno depressivo maior
sofrimento prolongado,amnesia dissociativa,evitativo,desrealizacao,reatividade fisiologica,neuroticismo,< 1 mes,transtorno de estresse agudo
medo de dano cerebral,acreditar que esta enlouquecendo,conduta embotada,distorcoes visuais,perda de controle dos movimentos,uso de drogas ilicitas,variavel,transtorno de despersonalizacao/desrealizacao
angustia generalizada,recordacao intrusiva,choro,nao especificado,hipersonia,perda significativa,> 2 semanas,transtorno depressivo maior
tristeza,problemas de memoria,choro,nao especificado,perda de energia,transtornos subjacentes,> 2 semanas,transtorno depressivo maior
hipoemotividade,dificuldade em descrever sintomas,automato,despersonalizacao,anestesia fisica,traumas interpessoais na infancia,variavel,transtorno de despersonalizacao/desrealizacao
vergonha,revivencia,imprudente,desrealizacao,sintomas pos-concussivos,neuroticismo,< 1 mes,transtorno de estresse agudo
desesperanca,dificuldade de concentracao,retraimento social,nao especificado,perturbacoes do sono,neuroticismo,> 2 semanas,transtorno depressivo maior
culpa,lembranca recorrente,imprudente,despersonalizacao,resposta de sobressalto exagerada,transtorno mental anterior,> 2 meses,transtorno de estresse pos-traumatico
raiva,hipervigilancia,agressivo,flashbacks,resposta de sobressalto exagerada,evento traumatico,< 1 mes,transtorno de estresse agudo
apatia,preocupacao,conduta embotada,experiencia extracorporea,perda de controle da fala,depressao,variavel,transtorno de despersonalizacao/desrealizacao
insensibilidade,acreditar que esta enlouquecendo,robotico,distorcoes auditivas,perda de controle dos movimentos,ataques de panico,variavel,transtorno de despersonalizacao/desrealizacao
culpa,lembranca recorrente,impulsivo,flashbacks,ataques de panico,evento traumatico,< 1 mes,transtorno de estresse agudo
angustia generalizada,perda de interesse,choro,nao especificado,hipersonia,evento traumatico,> 2 semanas,transtorno depressivo maior
sofrimento prolongado,amnesia dissociativa,evitativo,desrealizacao,reatividade fisiologica,neuroticismo,< 1 mes,transtorno de estresse agudo
sentimentos de desvalia,dificuldade de concentracao,tentativa de suicidio,nao especificado,alteracoes no apetite,transtornos subjacentes,> 2 semanas,transtorno depressivo maior
sofrimento intenso,revivencia,irritadico,desrealizacao,perturbacao do sono,neuroticismo,< 1 mes,transtorno de estresse agudo
anedonia,pesadelos,automutilante,intrusao visual,reatividade fisiologica,evento traumatico,> 2 meses,transtorno de estresse pos-traumatico
desesperanca,dificuldade de concentracao,retraimento social,nao especificado,sintomas somaticos,evento traumatico,> 2 semanas,transtorno depressivo maior
sentimentos de inutilidade,pensamentos recorrentes de morte,tentativa de suicidio,nao especificado,hipersonia,evento traumatico,> 2 semanas,transtorno depressivo maior
apatia,dificuldade em descrever sintomas,robotico,experiencia extracorporea,anestesia fisica,evento traumatico,variavel,transtorno de despersonalizacao/desrealizacao
anedonia,dificuldade para pensar,retraimento social,nao especificado,fadiga persistente,condicoes medicas incapacitantes,> 2 semanas,transtorno depressivo maior
sofrimento intenso,dificuldade em descrever sintomas,automato,alteracoes perceptuais,anestesia fisica,traumas interpessoais na infancia,variavel,transtorno de despersonalizacao/desrealizacao
emocoes positivas ausentes,dificuldade de concentracao,agressivo,despersonalizacao,resposta de sobressalto exagerada,transtorno mental anterior,< 1 mes,transtorno de estresse agudo
emocoes positivas ausentes,lembranca recorrente,agressivo,flashbacks,resposta de sobressalto exagerada,evento traumatico,< 1 mes,transtorno de estresse agudo
insensibilidade,ruminacao,automato,distorcoes auditivas,sintomas somaticos,ansiedade,variavel,transtorno de despersonalizacao/desrealizacao
sofrimento prolongado,dificuldade de concentracao,imprudente,pseudoalucinacoes auditivas,perturbacao do sono,estrategias de enfrentamento inapropriadas,> 2 meses,transtorno de estresse pos-traumatico
desesperanca,ruminacao,retraimento social,nao especificado,insonia,evento traumatico,> 2 semanas,transtorno depressivo maior
sentimentos de desvalia,problemas de memoria,tentativa de suicidio,nao especificado,perturbacoes psicomotoras,condicoes medicas incapacitantes,> 2 semanas,transtorno depressivo maior
sofrimento intenso,dificuldade em descrever sintomas,conduta embotada,alteracoes perceptuais,anestesia fisica,depressao,variavel,transtorno de despersonalizacao/desrealizacao
humor deprimido,indecisao,suicida,nao especificado,fadiga persistente,perda significativa,> 2 semanas,transtorno depressivo maior
surtos de raiva,revivencia,impulsivo,desrealizacao,ataques de panico,neuroticismo,< 1 mes,transtorno de estresse agudo
anestesia emocional,acreditar que esta enlouquecendo,robotico,desrealizacao,perda de controle dos movimentos,ataques de panico,variavel,transtorno de despersonalizacao/desrealizacao
sofrimento intenso,cognicao erronea,evitativo,flashbacks,reatividade fisiologica,evento traumatico,> 2 meses,transtorno de estresse pos-traumatico
sofrimento intenso,revivencia,irritadico,desrealizacao,perturbacao do sono,neuroticismo,< 1 mes,transtorno de estresse agudo
medo de dano cerebral,acreditar que esta enlouquecendo,robotico,distorcoes visuais,perda de controle dos movimentos,ataques de panico,variavel,transtorno de despersonalizacao/desrealizacao
emocoes positivas ausentes,cognicao erronea,suicida,desrealizacao,perturbacao do sono,estrategias de enfrentamento inapropriadas,> 2 meses,transtorno de estresse pos-traumatico
humor deprimido,perda de interesse,suicida,nao especificado,fadiga persistente,neuroticismo,> 2 semanas,transtorno depressivo maior
medo de dano cerebral,ruminacao,conduta embotada,distorcoes visuais,sintomas somaticos,uso de drogas ilicitas,variavel,transtorno de despersonalizacao/desrealizacao
culpa,amnesia dissociativa,impulsivo,desrealizacao,ataques de panico,neuroticismo,< 1 mes,transtorno de estresse agudo
medo,pesadelos,reativo,intrusao visual,reatividade fisiologica,evento traumatico,> 2 meses,transtorno de estresse pos-traumatico
sofrimento prolongado,lembranca recorrente,evitativo,flashbacks,reatividade fisiologica,evento traumatico,< 1 mes,transtorno de estresse agudo
sofrimento intenso,revivencia,irritadico,desrealizacao,perturbacao do sono,neuroticismo,< 1 mes,transtorno de estresse agudo
surtos de raiva,revivencia,impulsivo,desrealizacao,ataques de panico,neuroticismo,< 1 mes,transtorno de estresse agudo
emocoes positivas ausentes,lembranca recorrente,agressivo,flashbacks,resposta de sobressalto exagerada,evento traumatico,< 1 mes,transtorno de estresse agudo
angustia generalizada,problemas de memoria,choro,nao especificado,perda de energia,evento traumatico,> 2 semanas,transtorno depressivo maior
melancolia,problemas de memoria,choro,nao especificado,catatonia,evento traumatico,> 2 semanas,transtorno depressivo maior
insensibilidade,dificuldade em descrever sintomas,conduta embotada,distorcoes auditivas,anestesia fisica,depressao,variavel,transtorno de despersonalizacao/desrealizacao
anedonia,expectativa negativa,agressivo,intrusao visual,reatividade fisiologica,evento traumatico,> 2 meses,transtorno de estresse pos-traumatico
medo,pesadelos,imprudente,intrusao visual,reatividade fisiologica,evento traumatico,> 2 meses,transtorno de estresse pos-traumatico
inercia,dificuldade em descrever sintomas,automato,distorcoes temporais,anestesia fisica,traumas interpessoais na infancia,variavel,transtorno de despersonalizacao/desrealizacao
sofrimento intenso,problemas de memoria,retraimento social,nao especificado,alteracoes de peso significativas,transtornos subjacentes,> 2 semanas,transtorno depressivo maior
medo,expectativa negativa,imprudente,intrusao visual,reatividade fisiologica,evento traumatico,> 2 meses,transtorno de estresse pos-traumatico
vergonha,luto complicado,evitativo,desrealizacao,perturbacao do sono,estrategias de enfrentamento inapropriadas,> 2 meses,transtorno de estresse pos-traumatico
desesperanca,pensamentos recorrentes de morte,retraimento social,nao especificado,insonia,herdabilidade,> 2 semanas,transtorno depressivo maior
surtos de raiva,revivencia,impulsivo,desrealizacao,ataques de panico,neuroticismo,< 1 mes,transtorno de estresse agudo
insensibilidade,acreditar que esta enlouquecendo,automato,distorcoes auditivas,perda de controle dos movimentos,ansiedade,variavel,transtorno de despersonalizacao/desrealizacao
sofrimento prolongado,lembranca recorrente,evitativo,flashbacks,reatividade fisiologica,evento traumatico,< 1 mes,transtorno de estresse agudo
reatividade emocional,amnesia dissociativa,imprudente,desrealizacao,sintomas pos-concussivos,neuroticismo,< 1 mes,transtorno de estresse agudo
sofrimento intenso,preocupacao,autodestrutivo,flashbacks,reatividade fisiologica,evento traumatico,> 2 meses,transtorno de estresse pos-traumatico
raiva,luto complicado,irritadico,flashbacks,reatividade fisiologica,evento traumatico,> 2 meses,transtorno de estresse pos-traumatico
sofrimento intenso,dificuldade em descrever sintomas,automato,alteracoes perceptuais,anestesia fisica,traumas interpessoais na infancia,variavel,transtorno de despersonalizacao/desrealizacao
angustia generalizada,pensamentos recorrentes de morte,choro,nao especificado,catatonia,evento traumatico,> 2 semanas,transtorno depressivo maior
raiva,pesadelos,agressivo,despersonalizacao,resposta de sobressalto exagerada,transtorno mental anterior,< 1 mes,transtorno de estresse agudo
inercia,preocupacao,conduta embotada,distorcoes temporais,perda de controle da fala,depressao,variavel,transtorno de despersonalizacao/desrealizacao
irritacao,dificuldade de concentracao,agressivo,despersonalizacao,resposta de sobressalto exagerada,transtorno mental anterior,> 2 meses,transtorno de estresse pos-traumatico
emocoes positivas ausentes,amnesia dissociativa,agressivo,desrealizacao,resposta de sobressalto exagerada,neuroticismo,< 1 mes,transtorno de estresse agudo
tristeza,dificuldade de concentracao,irritadico,despersonalizacao,perturbacao do sono,transtorno mental anterior,< 1 mes,transtorno de estresse agudo
melancolia,ideacao suicida,choro,nao especificado,perda de energia,herdabilidade,> 2 semanas,transtorno depressivo maior
reatividade emocional,lembranca recorrente,imprudente,flashbacks,sintomas pos-concussivos,evento traumatico,< 1 mes,transtorno de estresse agudo
medo de dano cerebral,acreditar que esta enlouquecendo,conduta embotada,distorcoes visuais,perda de controle dos movimentos,uso de drogas ilicitas,variavel,transtorno de despersonalizacao/desrealizacao
raiva,pesadelos,agressivo,despersonalizacao,resposta de sobressalto exagerada,transtorno mental anterior,< 1 mes,transtorno de estresse agudo
autoaversao,dificuldade para pensar,suicida,nao especificado,perturbacoes do sono,perda significativa,> 2 semanas,transtorno depressivo maior
reatividade emocional,dificuldade de concentracao,imprudente,despersonalizacao,sintomas pos-concussivos,transtorno mental anterior,< 1 mes,transtorno de estresse agudo
insensibilidade,acreditar que esta enlouquecendo,robotico,distorcoes auditivas,perda de controle dos movimentos,ataques de panico,variavel,transtorno de despersonalizacao/desrealizacao
anedonia,recordacao intrusiva,retraimento social,nao especificado,perturbacoes do sono,neuroticismo,> 2 semanas,transtorno depressivo maior
sofrimento intenso,revivencia,autodestrutivo,flashbacks,reatividade fisiologica,evento traumatico,> 2 meses,transtorno de estresse pos-traumatico
apatia,ruminacao,robotico,experiencia extracorporea,sintomas somaticos,ataques de panico,variavel,transtorno de despersonalizacao/desrealizacao
desesperanca,preocupacao,retraimento social,nao especificado,sintomas somaticos,herdabilidade,> 2 semanas,transtorno depressivo maior
apatia,preocupacao,conduta embotada,experiencia extracorporea,perda de controle da fala,depressao,variavel,transtorno de despersonalizacao/desrealizacao
emocoes positivas ausentes,lembranca recorrente,agressivo,flashbacks,resposta de sobressalto exagerada,evento traumatico,< 1 mes,transtorno de estresse agudo
medo,dificuldade de concentracao,imprudente,intrusao visual,reatividade fisiologica,evento traumatico,> 2 meses,transtorno de estresse pos-traumatico
raiva,revivencia,agressivo,desrealizacao,resposta de sobressalto exagerada,neuroticismo,< 1 mes,transtorno de estresse agudo
angustia generalizada,ruminacao,choro,nao especificado,perda de energia,condicoes medicas cronicas,> 2 semanas,transtorno depressivo maior
desespero,amnesia dissociativa,autodestrutivo,intrusao sensorial,resposta de sobressalto exagerada,transtorno mental anterior,> 2 meses,transtorno de estresse pos-traumatico
sentimentos de desvalia,dificuldade para pensar,tentativa de suicidio,nao especificado,hipersonia,transtornos subjacentes,> 2 semanas,transtorno depressivo maior
anedonia,plano suicida,retraimento social,nao especificado,alteracoes de peso significativas,perda significativa,> 2 semanas,transtorno depressivo maior
hipoemotividade,dificuldade em descrever sintomas,conduta embotada,despersonalizacao,anestesia fisica,depressao,variavel,transtorno de despersonalizacao/desrealizacao
desesperanca,perda de interesse,retraimento social,nao especificado,fadiga persistente,herdabilidade,> 2 semanas,transtorno depressivo maior
culpa,lembranca recorrente,reativo,despersonalizacao,resposta de sobressalto exagerada,transtorno mental anterior,> 2 meses,transtorno de estresse pos-traumatico
melancolia,indecisao,choro,nao especificado,perda de energia,condicoes medicas cronicas,> 2 semanas,transtorno depressivo maior
vergonha,cognicao erronea,autodestrutivo,desrealizacao,perturbacao do sono,estrategias de enfrentamento inapropriadas,> 2 meses,transtorno de estresse pos-traumatico
emocoes positivas ausentes,amnesia dissociativa,irritadico,desrealizacao,perturbacao do sono,estrategias de enfrentamento inapropriadas,> 2 meses,transtorno de estresse pos-traumatico
emocoes positivas ausentes,lembranca recorrente,agressivo,flashbacks,resposta de sobressalto exagerada,evento traumatico,< 1 mes,transtorno de estresse agudo
sofrimento prolongado,lembranca recorrente,evitativo,flashbacks,reatividade fisiologica,evento traumatico,< 1 mes,transtorno de estresse agudo
emocoes positivas ausentes,amnesia dissociativa,irritadico,desrealizacao,perturbacao do sono,estrategias de enfrentamento inapropriadas,> 2 meses,transtorno de estresse pos-traumatico
melancolia,preocupacao,choro,nao especificado,perturbacoes psicomotoras,herdabilidade,> 2 semanas,transtorno depressivo maior
raiva,pesadelos,agressivo,despersonalizacao,resposta de sobressalto exagerada,transtorno mental anterior,< 1 mes,transtorno de estresse agudo
sofrimento intenso,acreditar que esta enlouquecendo,robotico,alteracoes perceptuais,perda de controle dos movimentos,ataques de panico,variavel,transtorno de despersonalizacao/desrealizacao
hipoemotividade,acreditar que esta enlouquecendo,automato,despersonalizacao,perda de controle dos movimentos,ansiedade,variavel,transtorno de despersonalizacao/desrealizacao
sofrimento intenso,hipervigilancia,irritadico,flashbacks,perturbacao do sono,evento traumatico,< 1 mes,transtorno de estresse agudo
autoaversao,plano suicida,suicida,nao especificado,perturbacoes do sono,condicoes medicas cronicas,> 2 semanas,transtorno depressivo maior
irritacao,dificuldade de concentracao,automutilante,despersonalizacao,resposta de sobressalto exagerada,transtorno mental anterior,> 2 meses,transtorno de estresse pos-traumatico
medo de dano cerebral,dificuldade em descrever sintomas,conduta embotada,distorcoes visuais,anestesia fisica,depressao,variavel,transtorno de despersonalizacao/desrealizacao
vergonha,hipervigilancia,imprudente,flashbacks,sintomas pos-concussivos,evento traumatico,< 1 mes,transtorno de estresse agudo
irritacao,ideias paranoides,automutilante,despersonalizacao,resposta de sobressalto exagerada,transtorno mental anterior,> 2 meses,transtorno de estresse pos-traumatico
sofrimento prolongado,pesadelos,imprudente,pseudoalucinacoes auditivas,perturbacao do sono,estrategias de enfrentamento inapropriadas,> 2 meses,transtorno de estresse pos-traumatico
sofrimento intenso,hipervigilancia,irritadico,flashbacks,perturbacao do sono,evento traumatico,< 1 mes,transtorno de estresse agudo
culpa,dificuldade de concentracao,imprudente,despersonalizacao,resposta de sobressalto exagerada,transtorno mental anterior,> 2 meses,transtorno de estresse pos-traumatico
inercia,ruminacao,automato,distorcoes temporais,sintomas somaticos,ansiedade,variavel,transtorno de despersonalizacao/desrealizacao
medo,revivencia,evitativo,desrealizacao,reatividade fisiologica,neuroticismo,< 1 mes,transtorno de estresse agudo
insensibilidade,dificuldade em descrever sintomas,robotico,distorcoes auditivas,anestesia fisica,evento traumatico,variavel,transtorno de despersonalizacao/desrealizacao
vergonha,pesadelos,imprudente,despersonalizacao,sintomas pos-concussivos,transtorno mental anterior,< 1 mes,transtorno de estresse agudo
raiva,hipervigilancia,agressivo,flashbacks,resposta de sobressalto exagerada,evento traumatico,< 1 mes,transtorno de estresse agudo
sofrimento prolongado,ideias paranoides,imprudente,pseudoalucinacoes auditivas,perturbacao do sono,estrategias de enfrentamento inapropriadas,> 2 meses,transtorno de estresse pos-traumatico
medo,hipervigilancia,evitativo,flashbacks,reatividade fisiologica,evento traumatico,< 1 mes,transtorno de estresse agudo
vergonha,cognicao erronea,autodestrutivo,desrealizacao,perturbacao do sono,estrategias de enfrentamento inapropriadas,> 2 meses,transtorno de estresse pos-traumatico
hipoemotividade,dificuldade em descrever sintomas,robotico,despersonalizacao,anestesia fisica,evento traumatico,variavel,transtorno de despersonalizacao/desrealizacao
vergonha,revivencia,imprudente,desrealizacao,sintomas pos-concussivos,neuroticismo,< 1 mes,transtorno de estresse agudo
culpa,lembranca recorrente,imprudente,despersonalizacao,resposta de sobressalto exagerada,transtorno mental anterior,> 2 meses,transtorno de estresse pos-traumatico
disforia,pensamentos recorrentes de morte,tentativa de suicidio,nao especificado,perturbacoes psicomotoras,herdabilidade,> 2 semanas,transtorno depressivo maior
angustia generalizada,perda de interesse,choro,nao especificado,catatonia,neuroticismo,> 2 semanas,transtorno depressivo maior
horror,lembranca recorrente,automutilante,pseudoalucinacoes auditivas,perturbacao do sono,estrategias de enfrentamento inapropriadas,> 2 meses,transtorno de estresse pos-traumatico
apatia,preocupacao,robotico,experiencia extracorporea,perda de controle da fala,evento traumatico,variavel,transtorno de despersonalizacao/desrealizacao
tristeza,ruminacao,choro,nao especificado,alteracoes no apetite,evento traumatico,> 2 semanas,transtorno depressivo maior
anedonia,dificuldade de concentracao,automutilante,intrusao visual,reatividade fisiologica,evento traumatico,> 2 meses,transtorno de estresse pos-traumatico
apatia,preocupacao,robotico,experiencia extracorporea,perda de controle da fala,evento traumatico,variavel,transtorno de despersonalizacao/desrealizacao
culpa,expectativa negativa,reativo,despersonalizacao,resposta de sobressalto exagerada,transtorno mental anterior,> 2 meses,transtorno de estresse pos-traumatico
hipoemotividade,acreditar que esta enlouquecendo,conduta embotada,despersonalizacao,perda de controle dos movimentos,uso de drogas ilicitas,variavel,transtorno de despersonalizacao/desrealizacao
surtos de raiva,hipervigilancia,impulsivo,flashbacks,ataques de panico,evento traumatico,< 1 mes,transtorno de estresse agudo
sofrimento intenso,preocupacao,automato,alteracoes perceptuais,perda de controle da fala,traumas interpessoais na infancia,variavel,transtorno de despersonalizacao/desrealizacao
desesperanca,plano suicida,retraimento social,nao especificado,perturbacoes do sono,evento traumatico,> 2 semanas,transtorno depressivo maior
humor deprimido,ruminacao,suicida,nao especificado,perturbacoes do sono,condicoes medicas cronicas,> 2 semanas,transtorno depressivo maior
culpa,amnesia dissociativa,impulsivo,desrealizacao,ataques de panico,neuroticismo,< 1 mes,transtorno de estresse agudo
sofrimento prolongado,expectativa negativa,imprudente,pseudoalucinacoes auditivas,perturbacao do sono,estrategias de enfrentamento inapropriadas,> 2 meses,transtorno de estresse pos-traumatico
raiva,amnesia dissociativa,suicida,flashbacks,reatividade fisiologica,evento traumatico,> 2 meses,transtorno de estresse pos-traumatico
melancolia,dificuldade para pensar,choro,nao especificado,perda de energia,condicoes medicas cronicas,> 2 semanas,transtorno depressivo maior
insensibilidade,ruminacao,automato,distorcoes auditivas,sintomas somaticos,ansiedade,variavel,transtorno de despersonalizacao/desrealizacao
autoaversao,problemas de memoria,suicida,nao especificado,alteracoes de peso significativas,condicoes medicas incapacitantes,> 2 semanas,transtorno depressivo maior
apatia,ruminacao,robotico,experiencia extracorporea,sintomas somaticos,ataques de panico,variavel,transtorno de despersonalizacao/desrealizacao
anestesia emocional,acreditar que esta enlouquecendo,automato,desrealizacao,perda de controle dos movimentos,ansiedade,variavel,transtorno de despersonalizacao/desrealizacao
tristeza,ideacao suicida,choro,nao especificado,alteracoes no apetite,neuroticismo,> 2 semanas,transtorno depressivo maior
culpa delirante,recordacao intrusiva,suicida,nao especificado,insonia,perda significativa,> 2 semanas,transtorno depressivo maior
medo de dano cerebral,preocupacao,conduta embotada,distorcoes visuais,perda de controle da fala,depressao,variavel,transtorno de despersonalizacao/desrealizacao
medo,expectativa negativa,imprudente,intrusao visual,reatividade fisiologica,evento traumatico,> 2 meses,transtorno de estresse pos-traumatico
insensibilidade,preocupacao,robotico,distorcoes auditivas,perda de controle da fala,evento traumatico,variavel,transtorno de despersonalizacao/desrealizacao
humor deprimido,ruminacao,suicida,nao especificado,insonia,condicoes medicas incapacitantes,> 2 semanas,transtorno depressivo maior
desesperanca,indecisao,retraimento social,nao especificado,fadiga persistente,evento traumatico,> 2 semanas,transtorno depressivo maior
vergonha,pesadelos,imprudente,despersonalizacao,sintomas pos-concussivos,transtorno mental anterior,< 1 mes,transtorno de estresse agudo
insensibilidade,preocupacao,conduta embotada,distorcoes auditivas,perda de controle da fala,depressao,variavel,transtorno de despersonalizacao/desrealizacao
sofrimento intenso,preocupacao,conduta embotada,alteracoes perceptuais,perda de controle da fala,depressao,variavel,transtorno de despersonalizacao/desrealizacao
medo,revivencia,evitativo,desrealizacao,reatividade fisiologica,neuroticismo,< 1 mes,transtorno de estresse agudo
sentimentos de inutilidade,problemas de memoria,tentativa de suicidio,nao especificado,hipersonia,transtornos subjacentes,> 2 semanas,transtorno depressivo maior
reatividade emocional,amnesia dissociativa,imprudente,desrealizacao,sintomas pos-concussivos,neuroticismo,< 1 mes,transtorno de estresse agudo
sofrimento intenso,dificuldade de concentracao,retraimento social,nao especificado,alteracoes de peso significativas,evento traumatico,> 2 semanas,transtorno depressivo maior
hipoemotividade,preocupacao,automato,despersonalizacao,perda de controle da fala,traumas interpessoais na infancia,variavel,transtorno de despersonalizacao/desrealizacao
disforia,ruminacao,tentativa de suicidio,nao especificado,hipersonia,perda significativa,> 2 semanas,transtorno depressivo maior
sofrimento intenso,problemas de memoria,retraimento social,nao especificado,insonia,herdabilidade,> 2 semanas,transtorno depressivo maior
sofrimento prolongado,lembranca recorrente,reativo,pseudoalucinacoes auditivas,perturbacao do sono,estrategias de enfrentamento inapropriadas,> 2 meses,transtorno de estresse pos-traumatico
sofrimento intenso,ruminacao,conduta embotada,alteracoes perceptuais,sintomas somaticos,uso de drogas ilicitas,variavel,transtorno de despersonalizacao/desrealizacao
melancolia,recordacao intrusiva,choro,nao especificado,catatonia,condicoes medicas incapacitantes,> 2 semanas,transtorno depressivo maior
sofrimento intenso,recordacao intrusiva,retraimento social,nao especificado,alteracoes de peso significativas,herdabilidade,> 2 semanas,transtorno depressivo maior
insensibilidade,acreditar que esta enlouquecendo,automato,distorcoes auditivas,perda de controle dos movimentos,ansiedade,variavel,transtorno de despersonalizacao/desrealizacao
emocoes positivas ausentes,amnesia dissociativa,agressivo,desrealizacao,resposta de sobressalto exagerada,neuroticismo,< 1 mes,transtorno de estresse agudo
sofrimento intenso,preocupacao,retraimento social,nao especificado,insonia,neuroticismo,> 2 semanas,transtorno depressivo maior
desespero,amnesia dissociativa,evitativo,intrusao sensorial,resposta de sobressalto exagerada,transtorno mental anterior,> 2 meses,transtorno de estresse pos-traumatico
culpa delirante,ruminacao,suicida,nao especificado,sintomas somaticos,transtornos subjacentes,> 2 semanas,transtorno depressivo maior
tristeza,lembranca recorrente,irritadico,flashbacks,perturbacao do sono,evento traumatico,< 1 mes,transtorno de estresse agudo
culpa,amnesia dissociativa,impulsivo,desrealizacao,ataques de panico,neuroticismo,< 1 mes,transtorno de estresse agudo
insensibilidade,preocupacao,conduta embotada,distorcoes auditivas,perda de controle da fala,depressao,variavel,transtorno de despersonalizacao/desrealizacao
anedonia,pesadelos,automutilante,intrusao visual,reatividade fisiologica,evento traumatico,> 2 meses,transtorno de estresse pos-traumatico
culpa,dificuldade de concentracao,imprudente,despersonalizacao,resposta de sobressalto exagerada,transtorno mental anterior,> 2 meses,transtorno de estresse pos-traumatico
reatividade emocional,dificuldade de concentracao,imprudente,despersonalizacao,sintomas pos-concussivos,transtorno mental anterior,< 1 mes,transtorno de estresse agudo
sentimentos de desvalia,perda de interesse,tentativa de suicidio,nao especificado,catatonia,evento traumatico,> 2 semanas,transtorno depressivo maior
horror,dificuldade de concentracao,automutilante,pseudoalucinacoes auditivas,perturbacao do sono,estrategias de enfrentamento inapropriadas,> 2 meses,transtorno de estresse pos-traumatico
sofrimento intenso,acreditar que esta enlouquecendo,conduta embotada,alteracoes perceptuais,perda de controle dos movimentos,uso de drogas ilicitas,variavel,transtorno de despersonalizacao/desrealizacao
disforia,amnesia dissociativa,irritadico,intrusao sensorial,resposta de sobressalto exagerada,transtorno mental anterior,> 2 meses,transtorno de estresse pos-traumatico
apatia,acreditar que esta enlouquecendo,conduta embotada,experiencia extracorporea,perda de controle dos movimentos,uso de drogas ilicitas,variavel,transtorno de despersonalizacao/desrealizacao
reatividade emocional,amnesia dissociativa,imprudente,desrealizacao,sintomas pos-concussivos,neuroticismo,< 1 mes,transtorno de estresse agudo
humor deprimido,recordacao intrusiva,suicida,nao especificado,sintomas somaticos,neuroticismo,> 2 semanas,transtorno depressivo maior
insensibilidade,acreditar que esta enlouquecendo,conduta embotada,distorcoes auditivas,perda de controle dos movimentos,uso de drogas ilicitas,variavel,transtorno de despersonalizacao/desrealizacao
horror,expectativa negativa,automutilante,pseudoalucinacoes auditivas,perturbacao do sono,estrategias de enfrentamento inapropriadas,> 2 meses,transtorno de estresse pos-traumatico
desespero,cognicao erronea,autodestrutivo,intrusao sensorial,resposta de sobressalto exagerada,transtorno mental anterior,> 2 meses,transtorno de estresse pos-traumatico
inercia,preocupacao,conduta embotada,distorcoes temporais,perda de controle da fala,depressao,variavel,transtorno de despersonalizacao/desrealizacao
vergonha,cognicao erronea,evitativo,desrealizacao,perturbacao do sono,estrategias de enfrentamento inapropriadas,> 2 meses,transtorno de estresse pos-traumatico
surtos de raiva,revivencia,impulsivo,desrealizacao,ataques de panico,neuroticismo,< 1 mes,transtorno de estresse agudo
desespero,revivencia,autodestrutivo,intrusao sensorial,resposta de sobressalto exagerada,transtorno mental anterior,> 2 meses,transtorno de estresse pos-traumatico
reatividade emocional,dificuldade de concentracao,imprudente,despersonalizacao,sintomas pos-concussivos,transtorno mental anterior,< 1 mes,transtorno de estresse agudo
culpa delirante,problemas de memoria,suicida,nao especificado,alteracoes de peso significativas,condicoes medicas cronicas,> 2 semanas,transtorno depressivo maior
medo,lembranca recorrente,reativo,intrusao visual,reatividade fisiologica,evento traumatico,> 2 meses,transtorno de estresse pos-traumatico
humor deprimido,ideacao suicida,suicida,nao especificado,perturbacoes do sono,evento traumatico,> 2 semanas,transtorno depressivo maior
vergonha,revivencia,evitativo,desrealizacao,perturbacao do sono,estrategias de enfrentamento inapropriadas,> 2 meses,transtorno de estresse pos-traumatico
sofrimento prolongado,pesadelos,reativo,pseudoalucinacoes auditivas,perturbacao do sono,estrategias de enfrentamento inapropriadas,> 2 meses,transtorno de estresse pos-traumatico
disforia,preocupacao,tentativa de suicidio,nao especificado,hipersonia,neuroticismo,> 2 semanas,transtorno depressivo maior
sofrimento intenso,preocupacao,evitativo,flashbacks,reatividade fisiologica,evento traumatico,> 2 meses,transtorno de estresse pos-traumatico
sentimentos de desvalia,dificuldade para pensar,tentativa de suicidio,nao especificado,alteracoes no apetite,condicoes medicas cronicas,> 2 semanas,transtorno depressivo maior
sofrimento intenso,preocupacao,conduta embotada,alteracoes perceptuais,perda de controle da fala,depressao,variavel,transtorno de despersonalizacao/desrealizacao
insensibilidade,dificuldade em descrever sintomas,automato,distorcoes auditivas,anestesia fisica,traumas interpessoais na infancia,variavel,transtorno de despersonalizacao/desrealizacao
emocoes positivas ausentes,dificuldade de concentracao,agressivo,despersonalizacao,resposta de sobressalto exagerada,transtorno mental anterior,< 1 mes,transtorno de estresse agudo
anestesia emocional,ruminacao,conduta embotada,desrealizacao,sintomas somaticos,uso de drogas ilicitas,variavel,transtorno de despersonalizacao/desrealizacao
medo de dano cerebral,preocupacao,robotico,distorcoes visuais,perda de controle da fala,evento traumatico,variavel,transtorno de despersonalizacao/desrealizacao
sentimentos de desvalia,perda de interesse,tentativa de suicidio,nao especificado,alteracoes no apetite,condicoes medicas incapacitantes,> 2 semanas,transtorno depressivo maior
sentimentos de inutilidade,perda de interesse,tentativa de suicidio,nao especificado,perturbacoes psicomotoras,perda significativa,> 2 semanas,transtorno depressivo maior
inercia,dificuldade em descrever sintomas,automato,distorcoes temporais,anestesia fisica,traumas interpessoais na infancia,variavel,transtorno de despersonalizacao/desrealizacao
sofrimento intenso,hipervigilancia,irritadico,flashbacks,perturbacao do sono,evento traumatico,< 1 mes,transtorno de estresse agudo
inercia,acreditar que esta enlouquecendo,conduta embotada,distorcoes temporais,perda de controle dos movimentos,uso de drogas ilicitas,variavel,transtorno de despersonalizacao/desrealizacao
raiva,revivencia,agressivo,desrealizacao,resposta de sobressalto exagerada,neuroticismo,< 1 mes,transtorno de estresse agudo
vergonha,revivencia,imprudente,desrealizacao,sintomas pos-concussivos,neuroticismo,< 1 mes,transtorno de estresse agudo
vergonha,hipervigilancia,imprudente,flashbacks,sintomas pos-concussivos,evento traumatico,< 1 mes,transtorno de estresse agudo
inercia,acreditar que esta enlouquecendo,automato,distorcoes temporais,perda de controle dos movimentos,ansiedade,variavel,transtorno de despersonalizacao/desrealizacao
inercia,preocupacao,automato,distorcoes temporais,perda de controle da fala,traumas interpessoais na infancia,variavel,transtorno de despersonalizacao/desrealizacao
disforia,plano suicida,tentativa de suicidio,nao especificado,alteracoes no apetite,condicoes medicas cronicas,> 2 semanas,transtorno depressivo maior
culpa,expectativa negativa,reativo,despersonalizacao,resposta de sobressalto exagerada,transtorno mental anterior,> 2 meses,transtorno de estresse pos-traumatico
desespero,preocupacao,autodestrutivo,intrusao sensorial,resposta de sobressalto exagerada,transtorno mental anterior,> 2 meses,transtorno de estresse pos-traumatico
anestesia emocional,acreditar que esta enlouquecendo,robotico,desrealizacao,perda de controle dos movimentos,ataques de panico,variavel,transtorno de despersonalizacao/desrealizacao
horror,lembranca recorrente,automutilante,pseudoalucinacoes auditivas,perturbacao do sono,estrategias de enfrentamento inapropriadas,> 2 meses,transtorno de estresse pos-traumatico
humor deprimido,recordacao intrusiva,suicida,nao especificado,perturbacoes do sono,transtornos subjacentes,> 2 semanas,transtorno depressivo maior
disforia,dificuldade para pensar,tentativa de suicidio,nao especificado,perda de energia,herdabilidade,> 2 semanas,transtorno depressivo maior
sentimentos de inutilidade,pensamentos recorrentes de morte,tentativa de suicidio,nao especificado,catatonia,neuroticismo,> 2 semanas,transtorno depressivo maior
insensibilidade,preocupacao,automato,distorcoes auditivas,perda de controle da fala,traumas interpessoais na infancia,variavel,transtorno de despersonalizacao/desrealizacao
tristeza,lembranca recorrente,irritadico,flashbacks,perturbacao do sono,evento traumatico,< 1 mes,transtorno de estresse agudo
emocoes positivas ausentes,luto complicado,suicida,desrealizacao,perturbacao do sono,estrategias de enfrentamento inapropriadas,> 2 meses,transtorno de estresse pos-traumatico
irritacao,expectativa negativa,agressivo,despersonalizacao,resposta de sobressalto exagerada,transtorno mental anterior,> 2 meses,transtorno de estresse pos-traumatico
insensibilidade,dificuldade em descrever sintomas,conduta embotada,distorcoes auditivas,anestesia fisica,depressao,variavel,transtorno de despersonalizacao/desrealizacao
sentimentos de desvalia,problemas de memoria,tentativa de suicidio,nao especificado,hipersonia,evento traumatico,> 2 semanas,transtorno depressivo maior
sofrimento intenso,revivencia,autodestrutivo,flashbacks,reatividade fisiologica,evento traumatico,> 2 meses,transtorno de estresse pos-traumatico
medo,revivencia,evitativo,desrealizacao,reatividade fisiologica,neuroticismo,< 1 mes,transtorno de estresse agudo
surtos de raiva,revivencia,impulsivo,desrealizacao,ataques de panico,neuroticismo,< 1 mes,transtorno de estresse agudo
vergonha,pesadelos,imprudente,despersonalizacao,sintomas pos-concussivos,transtorno mental anterior,< 1 mes,transtorno de estresse agudo
inercia,acreditar que esta enlouquecendo,automato,distorcoes temporais,perda de controle dos movimentos,ansiedade,variavel,transtorno de despersonalizacao/desrealizacao
tristeza,lembranca recorrente,irritadico,flashbacks,perturbacao do sono,evento traumatico,< 1 mes,transtorno de estresse agudo
disforia,amnesia dissociativa,suicida,intrusao sensorial,resposta de sobressalto exagerada,transtorno mental anterior,> 2 meses,transtorno de estresse pos-traumatico
autoaversao,dificuldade para pensar,suicida,nao especificado,insonia,neuroticismo,> 2 semanas,transtorno depressivo maior
medo,revivencia,evitativo,desrealizacao,reatividade fisiologica,neuroticismo,< 1 mes,transtorno de estresse agudo
desespero,luto complicado,autodestrutivo,intrusao sensorial,resposta de sobressalto exagerada,transtorno mental anterior,> 2 meses,transtorno de estresse pos-traumatico
sofrimento intenso,ruminacao,automato,alteracoes perceptuais,sintomas somaticos,ansiedade,variavel,transtorno de despersonalizacao/desrealizacao
sofrimento intenso,amnesia dissociativa,evitativo,flashbacks,reatividade fisiologica,evento traumatico,> 2 meses,transtorno de estresse pos-traumatico
raiva,revivencia,agressivo,desrealizacao,resposta de sobressalto exagerada,neuroticismo,< 1 mes,transtorno de estresse agudo
sofrimento intenso,pesadelos,irritadico,despersonalizacao,perturbacao do sono,transtorno mental anterior,< 1 mes,transtorno de estresse agudo
vergonha,cognicao erronea,autodestrutivo,desrealizacao,perturbacao do sono,estrategias de enfrentamento inapropriadas,> 2 meses,transtorno de estresse pos-traumatico
horror,expectativa negativa,automutilante,pseudoalucinacoes auditivas,perturbacao do sono,estrategias de enfrentamento inapropriadas,> 2 meses,transtorno de estresse pos-traumatico
melancolia,ruminacao,choro,nao especificado,hipersonia,herdabilidade,> 2 semanas,transtorno depressivo maior
apatia,acreditar que esta enlouquecendo,robotico,experiencia extracorporea,perda de controle dos movimentos,ataques de panico,variavel,transtorno de despersonalizacao/desrealizacao
disforia,preocupacao,suicida,intrusao sensorial,resposta de sobressalto exagerada,transtorno mental anterior,> 2 meses,transtorno de estresse pos-traumatico
desespero,revivencia,autodestrutivo,intrusao sensorial,resposta de sobressalto exagerada,transtorno mental anterior,> 2 meses,transtorno de estresse pos-traumatico
hipoemotividade,preocupacao,conduta embotada,despersonalizacao,perda de controle da fala,depressao,variavel,transtorno de despersonalizacao/desrealizacao
anestesia emocional,ruminacao,conduta embotada,desrealizacao,sintomas somaticos,uso de drogas ilicitas,variavel,transtorno de despersonalizacao/desrealizacao
inercia,ruminacao,robotico,distorcoes temporais,sintomas somaticos,ataques de panico,variavel,transtorno de despersonalizacao/desrealizacao
angustia generalizada,recordacao intrusiva,choro,nao especificado,catatonia,herdabilidade,> 2 semanas,transtorno depressivo maior
sofrimento intenso,indecisao,retraimento social,nao especificado,sintomas somaticos,neuroticismo,> 2 semanas,transtorno depressivo maior
angustia generalizada,dificuldade para pensar,choro,nao especificado,alteracoes no apetite,evento traumatico,> 2 semanas,transtorno depressivo maior
anedonia,ideias paranoides,automutilante,intrusao visual,reatividade fisiologica,evento traumatico,> 2 meses,transtorno de estresse pos-traumatico
vergonha,revivencia,evitativo,desrealizacao,perturbacao do sono,estrategias de enfrentamento inapropriadas,> 2 meses,transtorno de estresse pos-traumatico
hipoemotividade,preocupacao,automato,despersonalizacao,perda de controle da fala,traumas interpessoais na infancia,variavel,transtorno de despersonalizacao/desrealizacao
tristeza,indecisao,choro,nao especificado,alteracoes no apetite,transtornos subjacentes,> 2 semanas,transtorno depressivo maior
humor deprimido,preocupacao,suicida,nao especificado,insonia,evento traumatico,> 2 semanas,transtorno depressivo maior
medo de dano cerebral,ruminacao,robotico,distorcoes visuais,sintomas somaticos,ataques de panico,variavel,transtorno de despersonalizacao/desrealizacao
emocoes positivas ausentes,preocupacao,irritadico,desrealizacao,perturbacao do sono,estrategias de enfrentamento inapropriadas,> 2 meses,transtorno de estresse pos-traumatico
insensibilidade,ruminacao,conduta embotada,distorcoes auditivas,sintomas somaticos,uso de drogas ilicitas,variavel,transtorno de despersonalizacao/desrealizacao
angustia generalizada,preocupacao,choro,nao especificado,hipersonia,perda significativa,> 2 semanas,transtorno depressivo maior
anedonia,ideias paranoides,automutilante,intrusao visual,reatividade fisiologica,evento traumatico,> 2 meses,transtorno de estresse pos-traumatico
tristeza,recordacao intrusiva,choro,nao especificado,hipersonia,condicoes medicas cronicas,> 2 semanas,transtorno depressivo maior
disforia,dificuldade de concentracao,tentativa de suicidio,nao especificado,perda de energia,neuroticismo,> 2 semanas,transtorno depressivo maior
culpa,amnesia dissociativa,impulsivo,desrealizacao,ataques de panico,neuroticismo,< 1 mes,transtorno de estresse agudo
sentimentos de desvalia,ideacao suicida,tentativa de suicidio,nao especificado,catatonia,transtornos subjacentes,> 2 semanas,transtorno depressivo maior
inercia,ruminacao,conduta embotada,distorcoes temporais,sintomas somaticos,uso de drogas ilicitas,variavel,transtorno de despersonalizacao/desrealizacao
insensibilidade,ruminacao,robotico,distorcoes auditivas,sintomas somaticos,ataques de panico,variavel,transtorno de despersonalizacao/desrealizacao
autoaversao,indecisao,suicida,nao especificado,perturbacoes do sono,condicoes medicas incapacitantes,> 2 semanas,transtorno depressivo maior
hipoemotividade,ruminacao,robotico,despersonalizacao,sintomas somaticos,ataques de panico,variavel,transtorno de despersonalizacao/desrealizacao
disforia,plano suicida,tentativa de suicidio,nao especificado,perturbacoes psicomotoras,perda significativa,> 2 semanas,transtorno depressivo maior
anestesia emocional,dificuldade em descrever sintomas,automato,desrealizacao,anestesia fisica,traumas interpessoais na infancia,variavel,transtorno de despersonalizacao/desrealizacao
apatia,ruminacao,robotico,experiencia extracorporea,sintomas somaticos,ataques de panico,variavel,transtorno de despersonalizacao/desrealizacao
melancolia,ideacao suicida,choro,nao especificado,perturbacoes psicomotoras,transtornos subjacentes,> 2 semanas,transtorno depressivo maior
apatia,acreditar que esta enlouquecendo,automato,experiencia extracorporea,perda de controle dos movimentos,ansiedade,variavel,transtorno de despersonalizacao/desrealizacao
hipoemotividade,ruminacao,robotico,despersonalizacao,sintomas somaticos,ataques de panico,variavel,transtorno de despersonalizacao/desrealizacao
medo de dano cerebral,preocupacao,robotico,distorcoes visuais,perda de controle da fala,evento traumatico,variavel,transtorno de despersonalizacao/desrealizacao
sofrimento intenso,hipervigilancia,irritadico,flashbacks,perturbacao do sono,evento traumatico,< 1 mes,transtorno de estresse agudo
insensibilidade,preocupacao,conduta embotada,distorcoes auditivas,perda de controle da fala,depressao,variavel,transtorno de despersonalizacao/desrealizacao
sofrimento prolongado,dificuldade de concentracao,evitativo,despersonalizacao,reatividade fisiologica,transtorno mental anterior,< 1 mes,transtorno de estresse agudo
sofrimento intenso,hipervigilancia,irritadico,flashbacks,perturbacao do sono,evento traumatico,< 1 mes,transtorno de estresse agudo
medo de dano cerebral,preocupacao,robotico,distorcoes visuais,perda de controle da fala,evento traumatico,variavel,transtorno de despersonalizacao/desrealizacao
desespero,cognicao erronea,autodestrutivo,intrusao sensorial,resposta de sobressalto exagerada,transtorno mental anterior,> 2 meses,transtorno de estresse pos-traumatico
sofrimento prolongado,amnesia dissociativa,evitativo,desrealizacao,reatividade fisiologica,neuroticismo,< 1 mes,transtorno de estresse agudo
desesperanca,plano suicida,retraimento social,nao especificado,insonia,perda significativa,> 2 semanas,transtorno depressivo maior
humor deprimido,plano suicida,suicida,nao especificado,sintomas somaticos,transtornos subjacentes,> 2 semanas,transtorno depressivo maior
sofrimento intenso,revivencia,irritadico,desrealizacao,perturbacao do sono,neuroticismo,< 1 mes,transtorno de estresse agudo
anestesia emocional,ruminacao,robotico,desrealizacao,sintomas somaticos,ataques de panico,variavel,transtorno de despersonalizacao/desrealizacao
melancolia,recordacao intrusiva,choro,nao especificado,perturbacoes psicomotoras,perda significativa,> 2 semanas,transtorno depressivo maior
raiva,amnesia dissociativa,irritadico,flashbacks,reatividade fisiologica,evento traumatico,> 2 meses,transtorno de estresse pos-traumatico
disforia,luto complicado,irritadico,intrusao sensorial,resposta de sobressalto exagerada,transtorno mental anterior,> 2 meses,transtorno de estresse pos-traumatico
horror,expectativa negativa,agressivo,pseudoalucinacoes auditivas,perturbacao do sono,estrategias de enfrentamento inapropriadas,> 2 meses,transtorno de estresse pos-traumatico
angustia generalizada,ideacao suicida,choro,nao especificado,alteracoes no apetite,condicoes medicas cronicas,> 2 semanas,transtorno depressivo maior
hipoemotividade,preocupacao,conduta embotada,despersonalizacao,perda de controle da fala,depressao,variavel,transtorno de despersonalizacao/desrealizacao
vergonha,pesadelos,imprudente,despersonalizacao,sintomas pos-concussivos,transtorno mental anterior,< 1 mes,transtorno de estresse agudo
sofrimento intenso,revivencia,autodestrutivo,flashbacks,reatividade fisiologica,evento traumatico,> 2 meses,transtorno de estresse pos-traumatico
culpa,ideias paranoides,imprudente,despersonalizacao,resposta de sobressalto exagerada,transtorno mental anterior,> 2 meses,transtorno de estresse pos-traumatico
anedonia,preocupacao,retraimento social,nao especificado,insonia,condicoes medicas cronicas,> 2 semanas,transtorno depressivo maior
medo,hipervigilancia,evitativo,flashbacks,reatividade fisiologica,evento traumatico,< 1 mes,transtorno de estresse agudo
vergonha,revivencia,imprudente,desrealizacao,sintomas pos-concussivos,neuroticismo,< 1 mes,transtorno de estresse agudo
sofrimento intenso,dificuldade de concentracao,retraimento social,nao especificado,perturbacoes do sono,condicoes medicas cronicas,> 2 semanas,transtorno depressivo maior
horror,pesadelos,agressivo,pseudoalucinacoes auditivas,perturbacao do sono,estrategias de enfrentamento inapropriadas,> 2 meses,transtorno de estresse pos-traumatico
culpa,dificuldade de concentracao,impulsivo,despersonalizacao,ataques de panico,transtorno mental anterior,< 1 mes,transtorno de estresse agudo
medo de dano cerebral,ruminacao,robotico,distorcoes visuais,sintomas somaticos,ataques de panico,variavel,transtorno de despersonalizacao/desrealizacao
reatividade emocional,lembranca recorrente,imprudente,flashbacks,sintomas pos-concussivos,evento traumatico,< 1 mes,transtorno de estresse agudo
anedonia,ideacao suicida,retraimento social,nao especificado,fadiga persistente,transtornos subjacentes,> 2 semanas,transtorno depressivo maior
sentimentos de inutilidade,ideacao suicida,tentativa de suicidio,nao especificado,hipersonia,condicoes medicas incapacitantes,> 2 semanas,transtorno depressivo maior
anestesia emocional,preocupacao,conduta embotada,desrealizacao,perda de controle da fala,depressao,variavel,transtorno de despersonalizacao/desrealizacao
culpa delirante,ruminacao,suicida,nao especificado,insonia,neuroticismo,> 2 semanas,transtorno depressivo maior
medo,pesadelos,reativo,intrusao visual,reatividade fisiologica,evento traumatico,> 2 meses,transtorno de estresse pos-traumatico
raiva,cognicao erronea,irritadico,flashbacks,reatividade fisiologica,evento traumatico,> 2 meses,transtorno de estresse pos-traumatico
culpa,amnesia dissociativa,impulsivo,desrealizacao,ataques de panico,neuroticismo,< 1 mes,transtorno de estresse agudo
irritacao,ideias paranoides,automutilante,despersonalizacao,resposta de sobressalto exagerada,transtorno mental anterior,> 2 meses,transtorno de estresse pos-traumatico
irritacao,lembranca recorrente,agressivo,despersonalizacao,resposta de sobressalto exagerada,transtorno mental anterior,> 2 meses,transtorno de estresse pos-traumatico
reatividade emocional,lembranca recorrente,imprudente,flashbacks,sintomas pos-concussivos,evento traumatico,< 1 mes,transtorno de estresse agudo
irritacao,pesadelos,automutilante,despersonalizacao,resposta de sobressalto exagerada,transtorno mental anterior,> 2 meses,transtorno de estresse pos-traumatico
disforia,luto complicado,irritadico,intrusao sensorial,resposta de sobressalto exagerada,transtorno mental anterior,> 2 meses,transtorno de estresse pos-traumatico
medo de dano cerebral,acreditar que esta enlouquecendo,robotico,distorcoes visuais,perda de controle dos movimentos,ataques de panico,variavel,transtorno de despersonalizacao/desrealizacao
sentimentos de inutilidade,recordacao intrusiva,tentativa de suicidio,nao especificado,hipersonia,herdabilidade,> 2 semanas,transtorno depressivo maior
emocoes positivas ausentes,preocupacao,irritadico,desrealizacao,perturbacao do sono,estrategias de enfrentamento inapropriadas,> 2 meses,transtorno de estresse pos-traumatico
angustia generalizada,perda de interesse,choro,nao especificado,alteracoes no apetite,perda significativa,> 2 semanas,transtorno depressivo maior
hipoemotividade,preocupacao,automato,despersonalizacao,perda de controle da fala,traumas interpessoais na infancia,variavel,transtorno de despersonalizacao/desrealizacao
emocoes positivas ausentes,luto complicado,suicida,desrealizacao,perturbacao do sono,estrategias de enfrentamento inapropriadas,> 2 meses,transtorno de estresse pos-traumatico
disforia,dificuldade de concentracao,tentativa de suicidio,nao especificado,alteracoes no apetite,evento traumatico,> 2 semanas,transtorno depressivo maior
anedonia,perda de interesse,retraimento social,nao especificado,sintomas somaticos,condicoes medicas incapacitantes,> 2 semanas,transtorno depressivo maior
hipoemotividade,ruminacao,automato,despersonalizacao,sintomas somaticos,ansiedade,variavel,transtorno de despersonalizacao/desrealizacao
autoaversao,ruminacao,suicida,nao especificado,fadiga persistente,perda significativa,> 2 semanas,transtorno depressivo maior
culpa,dificuldade de concentracao,impulsivo,despersonalizacao,ataques de panico,transtorno mental anterior,< 1 mes,transtorno de estresse agudo
emocoes positivas ausentes,revivencia,irritadico,desrealizacao,perturbacao do sono,estrategias de enfrentamento inapropriadas,> 2 meses,transtorno de estresse pos-traumatico
raiva,amnesia dissociativa,irritadico,flashbacks,reatividade fisiologica,evento traumatico,> 2 meses,transtorno de estresse pos-traumatico
disforia,luto complicado,suicida,intrusao sensorial,resposta de sobressalto exagerada,transtorno mental anterior,> 2 meses,transtorno de estresse pos-traumatico
apatia,dificuldade em descrever sintomas,automato,experiencia extracorporea,anestesia fisica,traumas interpessoais na infancia,variavel,transtorno de despersonalizacao/desrealizacao
raiva,pesadelos,agressivo,despersonalizacao,resposta de sobressalto exagerada,transtorno mental anterior,< 1 mes,transtorno de estresse agudo
disforia,amnesia dissociativa,irritadico,intrusao sensorial,resposta de sobressalto exagerada,transtorno mental anterior,> 2 meses,transtorno de estresse pos-traumatico
apatia,ruminacao,automato,experiencia extracorporea,sintomas somaticos,ansiedade,variavel,transtorno de despersonalizacao/desrealizacao
medo de dano cerebral,dificuldade em descrever sintomas,conduta embotada,distorcoes visuais,anestesia fisica,depressao,variavel,transtorno de despersonalizacao/desrealizacao
disforia,cognicao erronea,suicida,intrusao sensorial,resposta de sobressalto exagerada,transtorno mental anterior,> 2 meses,transtorno de estresse pos-traumatico
insensibilidade,dificuldade em descrever sintomas,conduta embotada,distorcoes auditivas,anestesia fisica,depressao,variavel,transtorno de despersonalizacao/desrealizacao
medo de dano cerebral,ruminacao,automato,distorcoes visuais,sintomas somaticos,ansiedade,variavel,transtorno de despersonalizacao/desrealizacao
reatividade emocional,amnesia dissociativa,imprudente,desrealizacao,sintomas pos-concussivos,neuroticismo,< 1 mes,transtorno de estresse agudo
desesperanca,recordacao intrusiva,retraimento social,nao especificado,alteracoes de peso significativas,evento traumatico,> 2 semanas,transtorno depressivo maior
humor deprimido,pensamentos recorrentes de morte,suicida,nao especificado,fadiga persistente,evento traumatico,> 2 semanas,transtorno depressivo maior
inercia,ruminacao,robotico,distorcoes temporais,sintomas somaticos,ataques de panico,variavel,transtorno de despersonalizacao/desrealizacao
medo de dano cerebral,acreditar que esta enlouquecendo,robotico,distorcoes visuais,perda de controle dos movimentos,ataques de panico,variavel,transtorno de despersonalizacao/desrealizacao
anedonia,dificuldade de concentracao,retraimento social,nao especificado,sintomas somaticos,transtornos subjacentes,> 2 semanas,transtorno depressivo maior
culpa,dificuldade de concentracao,impulsivo,despersonalizacao,ataques de panico,transtorno mental anterior,< 1 mes,transtorno de estresse agudo
humor deprimido,dificuldade de concentracao,suicida,nao especificado,alteracoes de peso significativas,condicoes medicas cronicas,> 2 semanas,transtorno depressivo maior
culpa,lembranca recorrente,impulsivo,flashbacks,ataques de panico,evento traumatico,< 1 mes,transtorno de estresse agudo
sofrimento prolongado,amnesia dissociativa,evitativo,desrealizacao,reatividade fisiologica,neuroticismo,< 1 mes,transtorno de estresse agudo
angustia generalizada,dificuldade de concentracao,choro,nao especificado,perturbacoes psicomotoras,transtornos subjacentes,> 2 semanas,transtorno depressivo maior
sofrimento intenso,revivencia,evitativo,flashbacks,reatividade fisiologica,evento traumatico,> 2 meses,transtorno de estresse pos-traumatico
medo,ideias paranoides,imprudente,intrusao visual,reatividade fisiologica,evento traumatico,> 2 meses,transtorno de estresse pos-traumatico
apatia,dificuldade em descrever sintomas,conduta embotada,experiencia extracorporea,anestesia fisica,depressao,variavel,transtorno de despersonalizacao/desrealizacao
culpa,dificuldade de concentracao,impulsivo,despersonalizacao,ataques de panico,transtorno mental anterior,< 1 mes,transtorno de estresse agudo
sentimentos de desvalia,ruminacao,tentativa de suicidio,nao especificado,perturbacoes psicomotoras,transtornos subjacentes,> 2 semanas,transtorno depressivo maior
hipoemotividade,preocupacao,conduta embotada,despersonalizacao,perda de controle da fala,depressao,variavel,transtorno de despersonalizacao/desrealizacao
sofrimento intenso,amnesia dissociativa,autodestrutivo,flashbacks,reatividade fisiologica,evento traumatico,> 2 meses,transtorno de estresse pos-traumatico
disforia,amnesia dissociativa,suicida,intrusao sensorial,resposta de sobressalto exagerada,transtorno mental anterior,> 2 meses,transtorno de estresse pos-traumatico
vergonha,revivencia,imprudente,desrealizacao,sintomas pos-concussivos,neuroticismo,< 1 mes,transtorno de estresse agudo
humor deprimido,ruminacao,suicida,nao especificado,fadiga persistente,transtornos subjacentes,> 2 semanas,transtorno depressivo maior
melancolia,dificuldade de concentracao,choro,nao especificado,perturbacoes psicomotoras,evento traumatico,> 2 semanas,transtorno depressivo maior
anedonia,recordacao intrusiva,retraimento social,nao especificado,insonia,herdabilidade,> 2 semanas,transtorno depressivo maior
sofrimento prolongado,amnesia dissociativa,evitativo,desrealizacao,reatividade fisiologica,neuroticismo,< 1 mes,transtorno de estresse agudo
irritacao,pesadelos,automutilante,despersonalizacao,resposta de sobressalto exagerada,transtorno mental anterior,> 2 meses,transtorno de estresse pos-traumatico
raiva,revivencia,agressivo,desrealizacao,resposta de sobressalto exagerada,neuroticismo,< 1 mes,transtorno de estresse agudo
humor deprimido,problemas de memoria,suicida,nao especificado,sintomas somaticos,herdabilidade,> 2 semanas,transtorno depressivo maior
medo de dano cerebral,dificuldade em descrever sintomas,robotico,distorcoes visuais,anestesia fisica,evento traumatico,variavel,transtorno de despersonalizacao/desrealizacao
raiva,pesadelos,agressivo,despersonalizacao,resposta de sobressalto exagerada,transtorno mental anterior,< 1 mes,transtorno de estresse agudo
humor deprimido,perda de interesse,suicida,nao especificado,sintomas somaticos,perda significativa,> 2 semanas,transtorno depressivo maior
sofrimento intenso,amnesia dissociativa,evitativo,flashbacks,reatividade fisiologica,evento traumatico,> 2 meses,transtorno de estresse pos-traumatico
tristeza,lembranca recorrente,irritadico,flashbacks,perturbacao do sono,evento traumatico,< 1 mes,transtorno de estresse agudo
medo,hipervigilancia,evitativo,flashbacks,reatividade fisiologica,evento traumatico,< 1 mes,transtorno de estresse agudo
emocoes positivas ausentes,preocupacao,irritadico,desrealizacao,perturbacao do sono,estrategias de enfrentamento inapropriadas,> 2 meses,transtorno de estresse pos-traumatico
anedonia,ideias paranoides,agressivo,intrusao visual,reatividade fisiologica,evento traumatico,> 2 meses,transtorno de estresse pos-traumatico
apatia,acreditar que esta enlouquecendo,robotico,experiencia extracorporea,perda de controle dos movimentos,ataques de panico,variavel,transtorno de despersonalizacao/desrealizacao
sofrimento prolongado,lembranca recorrente,evitativo,flashbacks,reatividade fisiologica,evento traumatico,< 1 mes,transtorno de estresse agudo
disforia,revivencia,irritadico,intrusao sensorial,resposta de sobressalto exagerada,transtorno mental anterior,> 2 meses,transtorno de estresse pos-traumatico
apatia,dificuldade em descrever sintomas,conduta embotada,experiencia extracorporea,anestesia fisica,depressao,variavel,transtorno de despersonalizacao/desrealizacao
irritacao,dificuldade de concentracao,automutilante,despersonalizacao,resposta de sobressalto exagerada,transtorno mental anterior,> 2 meses,transtorno de estresse pos-traumatico
inercia,ruminacao,conduta embotada,distorcoes temporais,sintomas somaticos,uso de drogas ilicitas,variavel,transtorno de despersonalizacao/desrealizacao
sofrimento intenso,amnesia dissociativa,evitativo,flashbacks,reatividade fisiologica,evento traumatico,> 2 meses,transtorno de estresse pos-traumatico
hipoemotividade,dificuldade em descrever sintomas,robotico,despersonalizacao,anestesia fisica,evento traumatico,variavel,transtorno de despersonalizacao/desrealizacao
tristeza,lembranca recorrente,irritadico,flashbacks,perturbacao do sono,evento traumatico,< 1 mes,transtorno de estresse agudo
hipoemotividade,dificuldade em descrever sintomas,automato,despersonalizacao,anestesia fisica,traumas interpessoais na infancia,variavel,transtorno de despersonalizacao/desrealizacao
sofrimento intenso,preocupacao,robotico,alteracoes perceptuais,perda de controle da fala,evento traumatico,variavel,transtorno de despersonalizacao/desrealizacao
sentimentos de inutilidade,indecisao,tentativa de suicidio,nao especificado,catatonia,herdabilidade,> 2 semanas,transtorno depressivo maior
tristeza,perda de interesse,choro,nao especificado,hipersonia,transtornos subjacentes,> 2 semanas,transtorno depressivo maior
sofrimento prolongado,dificuldade de concentracao,evitativo,despersonalizacao,reatividade fisiologica,transtorno mental anterior,< 1 mes,transtorno de estresse agudo
culpa delirante,indecisao,suicida,nao especificado,fadiga persistente,neuroticismo,> 2 semanas,transtorno depressivo maior
medo,pesadelos,imprudente,intrusao visual,reatividade fisiologica,evento traumatico,> 2 meses,transtorno de estresse pos-traumatico
inercia,ruminacao,robotico,distorcoes temporais,sintomas somaticos,ataques de panico,variavel,transtorno de despersonalizacao/desrealizacao
horror,expectativa negativa,agressivo,pseudoalucinacoes auditivas,perturbacao do sono,estrategias de enfrentamento inapropriadas,> 2 meses,transtorno de estresse pos-traumatico
reatividade emocional,amnesia dissociativa,imprudente,desrealizacao,sintomas pos-concussivos,neuroticismo,< 1 mes,transtorno de estresse agudo
sofrimento intenso,pensamentos recorrentes de morte,retraimento social,nao especificado,sintomas somaticos,perda significativa,> 2 semanas,transtorno depressivo maior
sofrimento intenso,dificuldade em descrever sintomas,robotico,alteracoes perceptuais,anestesia fisica,evento traumatico,variavel,transtorno de despersonalizacao/desrealizacao
hipoemotividade,dificuldade em descrever sintomas,robotico,despersonalizacao,anestesia fisica,evento traumatico,variavel,transtorno de despersonalizacao/desrealizacao
tristeza,lembranca recorrente,irritadico,flashbacks,perturbacao do sono,evento traumatico,< 1 mes,transtorno de estresse agudo
anedonia,ideias paranoides,agressivo,intrusao visual,reatividade fisiologica,evento traumatico,> 2 meses,transtorno de estresse pos-traumatico
medo,expectativa negativa,reativo,intrusao visual,reatividade fisiologica,evento traumatico,> 2 meses,transtorno de estresse pos-traumatico
irritacao,ideias paranoides,agressivo,despersonalizacao,resposta de sobressalto exagerada,transtorno mental anterior,> 2 meses,transtorno de estresse pos-traumatico
sentimentos de inutilidade,pensamentos recorrentes de morte,tentativa de suicidio,nao especificado,perda de energia,herdabilidade,> 2 semanas,transtorno depressivo maior
insensibilidade,acreditar que esta enlouquecendo,automato,distorcoes auditivas,perda de controle dos movimentos,ansiedade,variavel,transtorno de despersonalizacao/desrealizacao
horror,dificuldade de concentracao,agressivo,pseudoalucinacoes auditivas,perturbacao do sono,estrategias de enfrentamento inapropriadas,> 2 meses,transtorno de estresse pos-traumatico
medo de dano cerebral,acreditar que esta enlouquecendo,automato,distorcoes visuais,perda de controle dos movimentos,ansiedade,variavel,transtorno de despersonalizacao/desrealizacao
melancolia,pensamentos recorrentes de morte,choro,nao especificado,hipersonia,condicoes medicas incapacitantes,> 2 semanas,transtorno depressivo maior
raiva,revivencia,agressivo,desrealizacao,resposta de sobressalto exagerada,neuroticismo,< 1 mes,transtorno de estresse agudo
culpa,ideias paranoides,reativo,despersonalizacao,resposta de sobressalto exagerada,transtorno mental anterior,> 2 meses,transtorno de estresse pos-traumatico
hipoemotividade,acreditar que esta enlouquecendo,robotico,despersonalizacao,perda de controle dos movimentos,ataques de panico,variavel,transtorno de despersonalizacao/desrealizacao
sentimentos de inutilidade,dificuldade para pensar,tentativa de suicidio,nao especificado,perturbacoes psicomotoras,evento traumatico,> 2 semanas,transtorno depressivo maior
angustia generalizada,ruminacao,choro,nao especificado,catatonia,transtornos subjacentes,> 2 semanas,transtorno depressivo maior
surtos de raiva,revivencia,impulsivo,desrealizacao,ataques de panico,neuroticismo,< 1 mes,transtorno de estresse agudo
tristeza,dificuldade de concentracao,irritadico,despersonalizacao,perturbacao do sono,transtorno mental anterior,< 1 mes,transtorno de estresse agudo
sofrimento intenso,acreditar que esta enlouquecendo,robotico,alteracoes perceptuais,perda de controle dos movimentos,ataques de panico,variavel,transtorno de despersonalizacao/desrealizacao
sentimentos de inutilidade,pensamentos recorrentes de morte,tentativa de suicidio,nao especificado,alteracoes no apetite,perda significativa,> 2 semanas,transtorno depressivo maior
autoaversao,dificuldade de concentracao,suicida,nao especificado,sintomas somaticos,condicoes medicas cronicas,> 2 semanas,transtorno depressivo maior
surtos de raiva,pesadelos,impulsivo,despersonalizacao,ataques de panico,transtorno mental anterior,< 1 mes,transtorno de estresse agudo
insensibilidade,preocupacao,automato,distorcoes auditivas,perda de controle da fala,traumas interpessoais na infancia,variavel,transtorno de despersonalizacao/desrealizacao
horror,lembranca recorrente,automutilante,pseudoalucinacoes auditivas,perturbacao do sono,estrategias de enfrentamento inapropriadas,> 2 meses,transtorno de estresse pos-traumatico
sentimentos de inutilidade,ruminacao,tentativa de suicidio,nao especificado,perda de energia,evento traumatico,> 2 semanas,transtorno depressivo maior
emocoes positivas ausentes,cognicao erronea,suicida,desrealizacao,perturbacao do sono,estrategias de enfrentamento inapropriadas,> 2 meses,transtorno de estresse pos-traumatico
insensibilidade,acreditar que esta enlouquecendo,conduta embotada,distorcoes auditivas,perda de controle dos movimentos,uso de drogas ilicitas,variavel,transtorno de despersonalizacao/desrealizacao
raiva,hipervigilancia,agressivo,flashbacks,resposta de sobressalto exagerada,evento traumatico,< 1 mes,transtorno de estresse agudo
sofrimento prolongado,dificuldade de concentracao,evitativo,despersonalizacao,reatividade fisiologica,transtorno mental anterior,< 1 mes,transtorno de estresse agudo
disforia,cognicao erronea,irritadico,intrusao sensorial,resposta de sobressalto exagerada,transtorno mental anterior,> 2 meses,transtorno de estresse pos-traumatico
vergonha,revivencia,autodestrutivo,desrealizacao,perturbacao do sono,estrategias de enfrentamento inapropriadas,> 2 meses,transtorno de estresse pos-traumatico
emocoes positivas ausentes,luto complicado,suicida,desrealizacao,perturbacao do sono,estrategias de enfrentamento inapropriadas,> 2 meses,transtorno de estresse pos-traumatico
irritacao,expectativa negativa,agressivo,despersonalizacao,resposta de sobressalto exagerada,transtorno mental anterior,> 2 meses,transtorno de estresse pos-traumatico
tristeza,dificuldade de concentracao,choro,nao especificado,alteracoes no apetite,condicoes medicas cronicas,> 2 semanas,transtorno depressivo maior
raiva,revivencia,agressivo,desrealizacao,resposta de sobressalto exagerada,neuroticismo,< 1 mes,transtorno de estresse agudo
culpa delirante,preocupacao,suicida,nao especificado,fadiga persistente,condicoes medicas incapacitantes,> 2 semanas,transtorno depressivo maior
raiva,revivencia,suicida,flashbacks,reatividade fisiologica,evento traumatico,> 2 meses,transtorno de estresse pos-traumatico
medo de dano cerebral,preocupacao,automato,distorcoes visuais,perda de controle da fala,traumas interpessoais na infancia,variavel,transtorno de despersonalizacao/desrealizacao
anestesia emocional,acreditar que esta enlouquecendo,robotico,desrealizacao,perda de controle dos movimentos,ataques de panico,variavel,transtorno de despersonalizacao/desrealizacao
horror,lembranca recorrente,agressivo,pseudoalucinacoes auditivas,perturbacao do sono,estrategias de enfrentamento inapropriadas,> 2 meses,transtorno de estresse pos-traumatico
anestesia emocional,dificuldade em descrever sintomas,conduta embotada,desrealizacao,anestesia fisica,depressao,variavel,transtorno de despersonalizacao/desrealizacao
apatia,ruminacao,conduta embotada,experiencia extracorporea,sintomas somaticos,uso de drogas ilicitas,variavel,transtorno de despersonalizacao/desrealizacao
raiva,cognicao erronea,irritadico,flashbacks,reatividade fisiologica,evento traumatico,> 2 meses,transtorno de estresse pos-traumatico
apatia,acreditar que esta enlouquecendo,conduta embotada,experiencia extracorporea,perda de controle dos movimentos,uso de drogas ilicitas,variavel,transtorno de despersonalizacao/desrealizacao
hipoemotividade,ruminacao,automato,despersonalizacao,sintomas somaticos,ansiedade,variavel,transtorno de despersonalizacao/desrealizacao
autoaversao,pensamentos recorrentes de morte,suicida,nao especificado,alteracoes de peso significativas,neuroticismo,> 2 semanas,transtorno depressivo maior
medo,pesadelos,imprudente,intrusao visual,reatividade fisiologica,evento traumatico,> 2 meses,transtorno de estresse pos-traumatico
tristeza,dificuldade de concentracao,irritadico,despersonalizacao,perturbacao do sono,transtorno mental anterior,< 1 mes,transtorno de estresse agudo
desesperanca,recordacao intrusiva,retraimento social,nao especificado,perturbacoes do sono,condicoes medicas cronicas,> 2 semanas,transtorno depressivo maior
sentimentos de inutilidade,problemas de memoria,tentativa de suicidio,nao especificado,perturbacoes psicomotoras,herdabilidade,> 2 semanas,transtorno depressivo maior
sofrimento intenso,luto complicado,autodestrutivo,flashbacks,reatividade fisiologica,evento traumatico,> 2 meses,transtorno de estresse pos-traumatico
anestesia emocional,dificuldade em descrever sintomas,robotico,desrealizacao,anestesia fisica,evento traumatico,variavel,transtorno de despersonalizacao/desrealizacao
raiva,revivencia,agressivo,desrealizacao,resposta de sobressalto exagerada,neuroticismo,< 1 mes,transtorno de estresse agudo
insensibilidade,acreditar que esta enlouquecendo,automato,distorcoes auditivas,perda de controle dos movimentos,ansiedade,variavel,transtorno de despersonalizacao/desrealizacao
apatia,preocupacao,automato,experiencia extracorporea,perda de controle da fala,traumas interpessoais na infancia,variavel,transtorno de despersonalizacao/desrealizacao
horror,ideias paranoides,automutilante,pseudoalucinacoes auditivas,perturbacao do sono,estrategias de enfrentamento inapropriadas,> 2 meses,transtorno de estresse pos-traumatico
emocoes positivas ausentes,revivencia,suicida,desrealizacao,perturbacao do sono,estrategias de enfrentamento inapropriadas,> 2 meses,transtorno de estresse pos-traumatico
emocoes positivas ausentes,lembranca recorrente,agressivo,flashbacks,resposta de sobressalto exagerada,evento traumatico,< 1 mes,transtorno de estresse agudo
culpa,amnesia dissociativa,impulsivo,desrealizacao,ataques de panico,neuroticismo,< 1 mes,transtorno de estresse agudo
medo de dano cerebral,acreditar que esta enlouquecendo,automato,distorcoes visuais,perda de controle dos movimentos,ansiedade,variavel,transtorno de despersonalizacao/desrealizacao
hipoemotividade,preocupacao,robotico,despersonalizacao,perda de controle da fala,evento traumatico,variavel,transtorno de despersonalizacao/desrealizacao
sofrimento prolongado,lembranca recorrente,evitativo,flashbacks,reatividade fisiologica,evento traumatico,< 1 mes,transtorno de estresse agudo
disforia,luto complicado,suicida,intrusao sensorial,resposta de sobressalto exagerada,transtorno mental anterior,> 2 meses,transtorno de estresse pos-traumatico
anedonia,ideias paranoides,agressivo,intrusao visual,reatividade fisiologica,evento traumatico,> 2 meses,transtorno de estresse pos-traumatico
medo,revivencia,evitativo,desrealizacao,reatividade fisiologica,neuroticismo,< 1 mes,transtorno de estresse agudo
apatia,preocupacao,robotico,experiencia extracorporea,perda de controle da fala,evento traumatico,variavel,transtorno de despersonalizacao/desrealizacao
angustia generalizada,problemas de memoria,choro,nao especificado,hipersonia,neuroticismo,> 2 semanas,transtorno depressivo maior
melancolia,pensamentos recorrentes de morte,choro,nao especificado,perda de energia,transtornos subjacentes,> 2 semanas,transtorno depressivo maior
reatividade emocional,amnesia dissociativa,imprudente,desrealizacao,sintomas pos-concussivos,neuroticismo,< 1 mes,transtorno de estresse agudo
apatia,ruminacao,conduta embotada,experiencia extracorporea,sintomas somaticos,uso de drogas ilicitas,variavel,transtorno de despersonalizacao/desrealizacao
vergonha,revivencia,autodestrutivo,desrealizacao,perturbacao do sono,estrategias de enfrentamento inapropriadas,> 2 meses,transtorno de estresse pos-traumatico
culpa,expectativa negativa,imprudente,despersonalizacao,resposta de sobressalto exagerada,transtorno mental anterior,> 2 meses,transtorno de estresse pos-traumatico
melancolia,plano suicida,choro,nao especificado,catatonia,perda significativa,> 2 semanas,transtorno depressivo maior
sofrimento intenso,dificuldade para pensar,retraimento social,nao especificado,alteracoes de peso significativas,perda significativa,> 2 semanas,transtorno depressivo maior
disforia,revivencia,irritadico,intrusao sensorial,resposta de sobressalto exagerada,transtorno mental anterior,> 2 meses,transtorno de estresse pos-traumatico
disforia,luto complicado,irritadico,intrusao sensorial,resposta de sobressalto exagerada,transtorno mental anterior,> 2 meses,transtorno de estresse pos-traumatico
apatia,preocupacao,conduta embotada,experiencia extracorporea,perda de controle da fala,depressao,variavel,transtorno de despersonalizacao/desrealizacao
angustia generalizada,plano suicida,choro,nao especificado,hipersonia,herdabilidade,> 2 semanas,transtorno depressivo maior
vergonha,pesadelos,imprudente,despersonalizacao,sintomas pos-concussivos,transtorno mental anterior,< 1 mes,transtorno de estresse agudo
desespero,preocupacao,autodestrutivo,intrusao sensorial,resposta de sobressalto exagerada,transtorno mental anterior,> 2 meses,transtorno de estresse pos-traumatico
emocoes positivas ausentes,dificuldade de concentracao,agressivo,despersonalizacao,resposta de sobressalto exagerada,transtorno mental anterior,< 1 mes,transtorno de estresse agudo
anedonia,dificuldade de concentracao,agressivo,intrusao visual,reatividade fisiologica,evento traumatico,> 2 meses,transtorno de estresse pos-traumatico
raiva,hipervigilancia,agressivo,flashbacks,resposta de sobressalto exagerada,evento traumatico,< 1 mes,transtorno de estresse agudo
medo de dano cerebral,ruminacao,conduta embotada,distorcoes visuais,sintomas somaticos,uso de drogas ilicitas,variavel,transtorno de despersonalizacao/desrealizacao
sofrimento intenso,acreditar que esta enlouquecendo,robotico,alteracoes perceptuais,perda de controle dos movimentos,ataques de panico,variavel,transtorno de despersonalizacao/desrealizacao
medo de dano cerebral,ruminacao,conduta embotada,distorcoes visuais,sintomas somaticos,uso de drogas ilicitas,variavel,transtorno de despersonalizacao/desrealizacao
desespero,amnesia dissociativa,evitativo,intrusao sensorial,resposta de sobressalto exagerada,transtorno mental anterior,> 2 meses,transtorno de estresse pos-traumatico
desesperanca,dificuldade para pensar,retraimento social,nao especificado,perturbacoes do sono,herdabilidade,> 2 semanas,transtorno depressivo maior
desesperanca,pensamentos recorrentes de morte,retraimento social,nao especificado,alteracoes de peso significativas,transtornos subjacentes,> 2 semanas,transtorno depressivo maior
tristeza,problemas de memoria,choro,nao especificado,catatonia,herdabilidade,> 2 semanas,transtorno depressivo maior
emocoes positivas ausentes,amnesia dissociativa,agressivo,desrealizacao,resposta de sobressalto exagerada,neuroticismo,< 1 mes,transtorno de estresse agudo
desespero,cognicao erronea,evitativo,intrusao sensorial,resposta de sobressalto exagerada,transtorno mental anterior,> 2 meses,transtorno de estresse pos-traumatico
disforia,ruminacao,tentativa de suicidio,nao especificado,alteracoes no apetite,neuroticismo,> 2 semanas,transtorno depressivo maior
autoaversao,dificuldade para pensar,suicida,nao especificado,fadiga persistente,evento traumatico,> 2 semanas,transtorno depressivo maior
tristeza,recordacao intrusiva,choro,nao especificado,perturbacoes psicomotoras,transtornos subjacentes,> 2 semanas,transtorno depressivo maior
culpa,lembranca recorrente,imprudente,despersonalizacao,resposta de sobressalto exagerada,transtorno mental anterior,> 2 meses,transtorno de estresse pos-traumatico
anedonia,dificuldade de concentracao,automutilante,intrusao visual,reatividade fisiologica,evento traumatico,> 2 meses,transtorno de estresse pos-traumatico
tristeza,lembranca recorrente,irritadico,flashbacks,perturbacao do sono,evento traumatico,< 1 mes,transtorno de estresse agudo
sofrimento prolongado,amnesia dissociativa,evitativo,desrealizacao,reatividade fisiologica,neuroticismo,< 1 mes,transtorno de estresse agudo
autoaversao,ideacao suicida,suicida,nao especificado,sintomas somaticos,neuroticismo,> 2 semanas,transtorno depressivo maior
medo,expectativa negativa,reativo,intrusao visual,reatividade fisiologica,evento traumatico,> 2 meses,transtorno de estresse pos-traumatico
emocoes positivas ausentes,amnesia dissociativa,agressivo,desrealizacao,resposta de sobressalto exagerada,neuroticismo,< 1 mes,transtorno de estresse agudo
sofrimento intenso,pesadelos,irritadico,despersonalizacao,perturbacao do sono,transtorno mental anterior,< 1 mes,transtorno de estresse agudo
vergonha,amnesia dissociativa,autodestrutivo,desrealizacao,perturbacao do sono,estrategias de enfrentamento inapropriadas,> 2 meses,transtorno de estresse pos-traumatico
medo,revivencia,evitativo,desrealizacao,reatividade fisiologica,neuroticismo,< 1 mes,transtorno de estresse agudo
sofrimento intenso,cognicao erronea,evitativo,flashbacks,reatividade fisiologica,evento traumatico,> 2 meses,transtorno de estresse pos-traumatico
culpa,dificuldade de concentracao,impulsivo,despersonalizacao,ataques de panico,transtorno mental anterior,< 1 mes,transtorno de estresse agudo
culpa delirante,pensamentos recorrentes de morte,suicida,nao especificado,sintomas somaticos,evento traumatico,> 2 semanas,transtorno depressivo maior
desespero,cognicao erronea,evitativo,intrusao sensorial,resposta de sobressalto exagerada,transtorno mental anterior,> 2 meses,transtorno de estresse pos-traumatico
anestesia emocional,preocupacao,robotico,desrealizacao,perda de controle da fala,evento traumatico,variavel,transtorno de despersonalizacao/desrealizacao
raiva,hipervigilancia,agressivo,flashbacks,resposta de sobressalto exagerada,evento traumatico,< 1 mes,transtorno de estresse agudo
sofrimento intenso,revivencia,evitativo,flashbacks,reatividade fisiologica,evento traumatico,> 2 meses,transtorno de estresse pos-traumatico
reatividade emocional,dificuldade de concentracao,imprudente,despersonalizacao,sintomas pos-concussivos,transtorno mental anterior,< 1 mes,transtorno de estresse agudo
autoaversao,recordacao intrusiva,suicida,nao especificado,alteracoes de peso significativas,condicoes medicas cronicas,> 2 semanas,transtorno depressivo maior
anedonia,indecisao,retraimento social,nao especificado,alteracoes de peso significativas,neuroticismo,> 2 semanas,transtorno depressivo maior
humor deprimido,recordacao intrusiva,suicida,nao especificado,insonia,condicoes medicas cronicas,> 2 semanas,transtorno depressivo maior
surtos de raiva,pesadelos,impulsivo,despersonalizacao,ataques de panico,transtorno mental anterior,< 1 mes,transtorno de estresse agudo
raiva,pesadelos,agressivo,despersonalizacao,resposta de sobressalto exagerada,transtorno mental anterior,< 1 mes,transtorno de estresse agudo
hipoemotividade,acreditar que esta enlouquecendo,automato,despersonalizacao,perda de controle dos movimentos,ansiedade,variavel,transtorno de despersonalizacao/desrealizacao
raiva,luto complicado,irritadico,flashbacks,reatividade fisiologica,evento traumatico,> 2 meses,transtorno de estresse pos-traumatico
melancolia,dificuldade para pensar,choro,nao especificado,hipersonia,neuroticismo,> 2 semanas,transtorno depressivo maior
medo de dano cerebral,dificuldade em descrever sintomas,automato,distorcoes visuais,anestesia fisica,traumas interpessoais na infancia,variavel,transtorno de despersonalizacao/desrealizacao
sofrimento intenso,ruminacao,robotico,alteracoes perceptuais,sintomas somaticos,ataques de panico,variavel,transtorno de despersonalizacao/desrealizacao
tristeza,ruminacao,choro,nao especificado,catatonia,perda significativa,> 2 semanas,transtorno depressivo maior
irritacao,pesadelos,automutilante,despersonalizacao,resposta de sobressalto exagerada,transtorno mental anterior,> 2 meses,transtorno de estresse pos-traumatico
culpa,amnesia dissociativa,impulsivo,desrealizacao,ataques de panico,neuroticismo,< 1 mes,transtorno de estresse agudo
horror,dificuldade de concentracao,automutilante,pseudoalucinacoes auditivas,perturbacao do sono,estrategias de enfrentamento inapropriadas,> 2 meses,transtorno de estresse pos-traumatico
apatia,preocupacao,robotico,experiencia extracorporea,perda de controle da fala,evento traumatico,variavel,transtorno de despersonalizacao/desrealizacao
hipoemotividade,acreditar que esta enlouquecendo,robotico,despersonalizacao,perda de controle dos movimentos,ataques de panico,variavel,transtorno de despersonalizacao/desrealizacao
sofrimento intenso,acreditar que esta enlouquecendo,conduta embotada,alteracoes perceptuais,perda de controle dos movimentos,uso de drogas ilicitas,variavel,transtorno de despersonalizacao/desrealizacao
hipoemotividade,dificuldade em descrever sintomas,automato,despersonalizacao,anestesia fisica,traumas interpessoais na infancia,variavel,transtorno de despersonalizacao/desrealizacao
angustia generalizada,ideacao suicida,choro,nao especificado,catatonia,condicoes medicas incapacitantes,> 2 semanas,transtorno depressivo maior
irritacao,expectativa negativa,automutilante,despersonalizacao,resposta de sobressalto exagerada,transtorno mental anterior,> 2 meses,transtorno de estresse pos-traumatico
reatividade emocional,dificuldade de concentracao,imprudente,despersonalizacao,sintomas pos-concussivos,transtorno mental anterior,< 1 mes,transtorno de estresse agudo
tristeza,plano suicida,choro,nao especificado,catatonia,transtornos subjacentes,> 2 semanas,transtorno depressivo maior
vergonha,hipervigilancia,imprudente,flashbacks,sintomas pos-concussivos,evento traumatico,< 1 mes,transtorno de estresse agudo
sentimentos de inutilidade,recordacao intrusiva,tentativa de suicidio,nao especificado,perturbacoes psicomotoras,neuroticismo,> 2 semanas,transtorno depressivo maior
angustia generalizada,dificuldade de concentracao,choro,nao especificado,hipersonia,condicoes medicas cronicas,> 2 semanas,transtorno depressivo maior
medo de dano cerebral,ruminacao,robotico,distorcoes visuais,sintomas somaticos,ataques de panico,variavel,transtorno de despersonalizacao/desrealizacao
sofrimento prolongado,dificuldade de concentracao,evitativo,despersonalizacao,reatividade fisiologica,transtorno mental anterior,< 1 mes,transtorno de estresse agudo
medo de dano cerebral,preocupacao,conduta embotada,distorcoes visuais,perda de controle da fala,depressao,variavel,transtorno de despersonalizacao/desrealizacao
sofrimento prolongado,dificuldade de concentracao,imprudente,pseudoalucinacoes auditivas,perturbacao do sono,estrategias de enfrentamento inapropriadas,> 2 meses,transtorno de estresse pos-traumatico
sofrimento intenso,pesadelos,irritadico,despersonalizacao,perturbacao do sono,transtorno mental anterior,< 1 mes,transtorno de estresse agudo
surtos de raiva,hipervigilancia,impulsivo,flashbacks,ataques de panico,evento traumatico,< 1 mes,transtorno de estresse agudo
sofrimento intenso,luto complicado,evitativo,flashbacks,reatividade fisiologica,evento traumatico,> 2 meses,transtorno de estresse pos-traumatico
emocoes positivas ausentes,dificuldade de concentracao,agressivo,despersonalizacao,resposta de sobressalto exagerada,transtorno mental anterior,< 1 mes,transtorno de estresse agudo
sofrimento intenso,recordacao intrusiva,retraimento social,nao especificado,fadiga persistente,condicoes medicas cronicas,> 2 semanas,transtorno depressivo maior
sofrimento prolongado,amnesia dissociativa,evitativo,desrealizacao,reatividade fisiologica,neuroticismo,< 1 mes,transtorno de estresse agudo
sentimentos de desvalia,pensamentos recorrentes de morte,tentativa de suicidio,nao especificado,perturbacoes psicomotoras,evento traumatico,> 2 semanas,transtorno depressivo maior
sentimentos de inutilidade,problemas de memoria,tentativa de suicidio,nao especificado,catatonia,perda significativa,> 2 semanas,transtorno depressivo maior
apatia,ruminacao,conduta embotada,experiencia extracorporea,sintomas somaticos,uso de drogas ilicitas,variavel,transtorno de despersonalizacao/desrealizacao
medo de dano cerebral,acreditar que esta enlouquecendo,automato,distorcoes visuais,perda de controle dos movimentos,ansiedade,variavel,transtorno de despersonalizacao/desrealizacao
medo de dano cerebral,dificuldade em descrever sintomas,robotico,distorcoes visuais,anestesia fisica,evento traumatico,variavel,transtorno de despersonalizacao/desrealizacao
desesperanca,problemas de memoria,retraimento social,nao especificado,perturbacoes do sono,condicoes medicas incapacitantes,> 2 semanas,transtorno depressivo maior
irritacao,expectativa negativa,automutilante,despersonalizacao,resposta de sobressalto exagerada,transtorno mental anterior,> 2 meses,transtorno de estresse pos-traumatico
culpa delirante,indecisao,suicida,nao especificado,sintomas somaticos,perda significativa,> 2 semanas,transtorno depressivo maior
raiva,luto complicado,suicida,flashbacks,reatividade fisiologica,evento traumatico,> 2 meses,transtorno de estresse pos-traumatico
tristeza,plano suicida,choro,nao especificado,perturbacoes psicomotoras,condicoes medicas incapacitantes,> 2 semanas,transtorno depressivo maior
medo de dano cerebral,ruminacao,automato,distorcoes visuais,sintomas somaticos,ansiedade,variavel,transtorno de despersonalizacao/desrealizacao
anestesia emocional,acreditar que esta enlouquecendo,conduta embotada,desrealizacao,perda de controle dos movimentos,uso de drogas ilicitas,variavel,transtorno de despersonalizacao/desrealizacao
culpa,lembranca recorrente,reativo,despersonalizacao,resposta de sobressalto exagerada,transtorno mental anterior,> 2 meses,transtorno de estresse pos-traumatico
irritacao,ideias paranoides,automutilante,despersonalizacao,resposta de sobressalto exagerada,transtorno mental anterior,> 2 meses,transtorno de estresse pos-traumatico
vergonha,pesadelos,imprudente,despersonalizacao,sintomas pos-concussivos,transtorno mental anterior,< 1 mes,transtorno de estresse agudo
anestesia emocional,ruminacao,automato,desrealizacao,sintomas somaticos,ansiedade,variavel,transtorno de despersonalizacao/desrealizacao
sofrimento intenso,ruminacao,robotico,alteracoes perceptuais,sintomas somaticos,ataques de panico,variavel,transtorno de despersonalizacao/desrealizacao
reatividade emocional,dificuldade de concentracao,imprudente,despersonalizacao,sintomas pos-concussivos,transtorno mental anterior,< 1 mes,transtorno de estresse agudo
angustia generalizada,plano suicida,choro,nao especificado,alteracoes no apetite,transtornos subjacentes,> 2 semanas,transtorno depressivo maior
melancolia,indecisao,choro,nao especificado,perturbacoes psicomotoras,condicoes medicas incapacitantes,> 2 semanas,transtorno depressivo maior
tristeza,dificuldade de concentracao,irritadico,despersonalizacao,perturbacao do sono,transtorno mental anterior,< 1 mes,transtorno de estresse agudo
vergonha,hipervigilancia,imprudente,flashbacks,sintomas pos-concussivos,evento traumatico,< 1 mes,transtorno de estresse agudo
vergonha,amnesia dissociativa,autodestrutivo,desrealizacao,perturbacao do sono,estrategias de enfrentamento inapropriadas,> 2 meses,transtorno de estresse pos-traumatico
sentimentos de inutilidade,ideacao suicida,tentativa de suicidio,nao especificado,alteracoes no apetite,evento traumatico,> 2 semanas,transtorno depressivo maior
disforia,preocupacao,irritadico,intrusao sensorial,resposta de sobressalto exagerada,transtorno mental anterior,> 2 meses,transtorno de estresse pos-traumatico
anestesia emocional,preocupacao,automato,desrealizacao,perda de controle da fala,traumas interpessoais na infancia,variavel,transtorno de despersonalizacao/desrealizacao
anedonia,lembranca recorrente,automutilante,intrusao visual,reatividade fisiologica,evento traumatico,> 2 meses,transtorno de estresse pos-traumatico
culpa,dificuldade de concentracao,impulsivo,despersonalizacao,ataques de panico,transtorno mental anterior,< 1 mes,transtorno de estresse agudo
inercia,preocupacao,automato,distorcoes temporais,perda de controle da fala,traumas interpessoais na infancia,variavel,transtorno de despersonalizacao/desrealizacao
insensibilidade,dificuldade em descrever sintomas,automato,distorcoes auditivas,anestesia fisica,traumas interpessoais na infancia,variavel,transtorno de despersonalizacao/desrealizacao
sofrimento intenso,ruminacao,conduta embotada,alteracoes perceptuais,sintomas somaticos,uso de drogas ilicitas,variavel,transtorno de despersonalizacao/desrealizacao
medo,pesadelos,evitativo,despersonalizacao,reatividade fisiologica,transtorno mental anterior,< 1 mes,transtorno de estresse agudo
raiva,amnesia dissociativa,irritadico,flashbacks,reatividade fisiologica,evento traumatico,> 2 meses,transtorno de estresse pos-traumatico
inercia,ruminacao,conduta embotada,distorcoes temporais,sintomas somaticos,uso de drogas ilicitas,variavel,transtorno de despersonalizacao/desrealizacao
horror,lembranca recorrente,automutilante,pseudoalucinacoes auditivas,perturbacao do sono,estrategias de enfrentamento inapropriadas,> 2 meses,transtorno de estresse pos-traumatico
hipoemotividade,preocupacao,robotico,despersonalizacao,perda de controle da fala,evento traumatico,variavel,transtorno de despersonalizacao/desrealizacao
sentimentos de desvalia,perda de interesse,tentativa de suicidio,nao especificado,hipersonia,condicoes medicas cronicas,> 2 semanas,transtorno depressivo maior
desesperanca,problemas de memoria,retraimento social,nao especificado,insonia,evento traumatico,> 2 semanas,transtorno depressivo maior
sofrimento prolongado,dificuldade de concentracao,imprudente,pseudoalucinacoes auditivas,perturbacao do sono,estrategias de enfrentamento inapropriadas,> 2 meses,transtorno de estresse pos-traumatico
sofrimento prolongado,lembranca recorrente,reativo,pseudoalucinacoes auditivas,perturbacao do sono,estrategias de enfrentamento inapropriadas,> 2 meses,transtorno de estresse pos-traumatico
medo,pesadelos,evitativo,despersonalizacao,reatividade fisiologica,transtorno mental anterior,< 1 mes,transtorno de estresse agudo
raiva,hipervigilancia,agressivo,flashbacks,resposta de sobressalto exagerada,evento traumatico,< 1 mes,transtorno de estresse agudo
sofrimento intenso,preocupacao,robotico,alteracoes perceptuais,perda de controle da fala,evento traumatico,variavel,transtorno de despersonalizacao/desrealizacao
disforia,problemas de memoria,tentativa de suicidio,nao especificado,catatonia,condicoes medicas cronicas,> 2 semanas,transtorno depressivo maior
sofrimento prolongado,ideias paranoides,imprudente,pseudoalucinacoes auditivas,perturbacao do sono,estrategias de enfrentamento inapropriadas,> 2 meses,transtorno de estresse pos-traumatico
irritacao,expectativa negativa,agressivo,despersonalizacao,resposta de sobressalto exagerada,transtorno mental anterior,> 2 meses,transtorno de estresse pos-traumatico
autoaversao,perda de interesse,suicida,nao especificado,sintomas somaticos,condicoes medicas cronicas,> 2 semanas,transtorno depressivo maior
anedonia,perda de interesse,retraimento social,nao especificado,perturbacoes do sono,perda significativa,> 2 semanas,transtorno depressivo maior
apatia,dificuldade em descrever sintomas,robotico,experiencia extracorporea,anestesia fisica,evento traumatico,variavel,transtorno de despersonalizacao/desrealizacao
sofrimento intenso,pesadelos,irritadico,despersonalizacao,perturbacao do sono,transtorno mental anterior,< 1 mes,transtorno de estresse agudo
sentimentos de desvalia,dificuldade de concentracao,tentativa de suicidio,nao especificado,perturbacoes psicomotoras,neuroticismo,> 2 semanas,transtorno depressivo maior
autoaversao,pensamentos recorrentes de morte,suicida,nao especificado,fadiga persistente,transtornos subjacentes,> 2 semanas,transtorno depressivo maior
sofrimento intenso,revivencia,irritadico,desrealizacao,perturbacao do sono,neuroticismo,< 1 mes,transtorno de estresse agudo
sofrimento intenso,preocupacao,retraimento social,nao especificado,alteracoes de peso significativas,herdabilidade,> 2 semanas,transtorno depressivo maior
anedonia,preocupacao,retraimento social,nao especificado,sintomas somaticos,evento traumatico,> 2 semanas,transtorno depressivo maior
horror,expectativa negativa,agressivo,pseudoalucinacoes auditivas,perturbacao do sono,estrategias de enfrentamento inapropriadas,> 2 meses,transtorno de estresse pos-traumatico
desesperanca,recordacao intrusiva,retraimento social,nao especificado,sintomas somaticos,perda significativa,> 2 semanas,transtorno depressivo maior
disforia,recordacao intrusiva,tentativa de suicidio,nao especificado,perturbacoes psicomotoras,condicoes medicas incapacitantes,> 2 semanas,transtorno depressivo maior
vergonha,revivencia,imprudente,desrealizacao,sintomas pos-concussivos,neuroticismo,< 1 mes,transtorno de estresse agudo
sofrimento intenso,pesadelos,irritadico,despersonalizacao,perturbacao do sono,transtorno mental anterior,< 1 mes,transtorno de estresse agudo
insensibilidade,dificuldade em descrever sintomas,automato,distorcoes auditivas,anestesia fisica,traumas interpessoais na infancia,variavel,transtorno de despersonalizacao/desrealizacao
sofrimento intenso,problemas de memoria,retraimento social,nao especificado,perturbacoes do sono,neuroticismo,> 2 semanas,transtorno depressivo maior
melancolia,recordacao intrusiva,choro,nao especificado,hipersonia,neuroticismo,> 2 semanas,transtorno depressivo maior
irritacao,dificuldade de concentracao,agressivo,despersonalizacao,resposta de sobressalto exagerada,transtorno mental anterior,> 2 meses,transtorno de estresse pos-traumatico
tristeza,dificuldade de concentracao,irritadico,despersonalizacao,perturbacao do sono,transtorno mental anterior,< 1 mes,transtorno de estresse agudo
irritacao,expectativa negativa,automutilante,despersonalizacao,resposta de sobressalto exagerada,transtorno mental anterior,> 2 meses,transtorno de estresse pos-traumatico
culpa,expectativa negativa,reativo,despersonalizacao,resposta de sobressalto exagerada,transtorno mental anterior,> 2 meses,transtorno de estresse pos-traumatico
medo,dificuldade de concentracao,reativo,intrusao visual,reatividade fisiologica,evento traumatico,> 2 meses,transtorno de estresse pos-traumatico
apatia,preocupacao,automato,experiencia extracorporea,perda de controle da fala,traumas interpessoais na infancia,variavel,transtorno de despersonalizacao/desrealizacao
culpa delirante,perda de interesse,suicida,nao especificado,insonia,evento traumatico,> 2 semanas,transtorno depressivo maior
insensibilidade,ruminacao,conduta embotada,distorcoes auditivas,sintomas somaticos,uso de drogas ilicitas,variavel,transtorno de despersonalizacao/desrealizacao
insensibilidade,dificuldade em descrever sintomas,robotico,distorcoes auditivas,anestesia fisica,evento traumatico,variavel,transtorno de despersonalizacao/desrealizacao
anestesia emocional,acreditar que esta enlouquecendo,automato,desrealizacao,perda de controle dos movimentos,ansiedade,variavel,transtorno de despersonalizacao/desrealizacao
emocoes positivas ausentes,amnesia dissociativa,irritadico,desrealizacao,perturbacao do sono,estrategias de enfrentamento inapropriadas,> 2 meses,transtorno de estresse pos-traumatico
apatia,preocupacao,automato,experiencia extracorporea,perda de controle da fala,traumas interpessoais na infancia,variavel,transtorno de despersonalizacao/desrealizacao
irritacao,lembranca recorrente,automutilante,despersonalizacao,resposta de sobressalto exagerada,transtorno mental anterior,> 2 meses,transtorno de estresse pos-traumatico
medo,hipervigilancia,evitativo,flashbacks,reatividade fisiologica,evento traumatico,< 1 mes,transtorno de estresse agudo
tristeza,dificuldade de concentracao,irritadico,despersonalizacao,perturbacao do sono,transtorno mental anterior,< 1 mes,transtorno de estresse agudo
sofrimento intenso,dificuldade em descrever sintomas,robotico,alteracoes perceptuais,anestesia fisica,evento traumatico,variavel,transtorno de despersonalizacao/desrealizacao
sofrimento intenso,preocupacao,automato,alteracoes perceptuais,perda de controle da fala,traumas interpessoais na infancia,variavel,transtorno de despersonalizacao/desrealizacao
apatia,dificuldade em descrever sintomas,conduta embotada,experiencia extracorporea,anestesia fisica,depressao,variavel,transtorno de despersonalizacao/desrealizacao
raiva,revivencia,agressivo,desrealizacao,resposta de sobressalto exagerada,neuroticismo,< 1 mes,transtorno de estresse agudo
autoaversao,perda de interesse,suicida,nao especificado,alteracoes de peso significativas,transtornos subjacentes,> 2 semanas,transtorno depressivo maior
emocoes positivas ausentes,amnesia dissociativa,agressivo,desrealizacao,resposta de sobressalto exagerada,neuroticismo,< 1 mes,transtorno de estresse agudo
disforia,dificuldade para pensar,tentativa de suicidio,nao especificado,alteracoes no apetite,perda significativa,> 2 semanas,transtorno depressivo maior
hipoemotividade,preocupacao,conduta embotada,despersonalizacao,perda de controle da fala,depressao,variavel,transtorno de despersonalizacao/desrealizacao
apatia,acreditar que esta enlouquecendo,conduta embotada,experiencia extracorporea,perda de controle dos movimentos,uso de drogas ilicitas,variavel,transtorno de despersonalizacao/desrealizacao
culpa delirante,dificuldade para pensar,suicida,nao especificado,sintomas somaticos,herdabilidade,> 2 semanas,transtorno depressivo maior
vergonha,preocupacao,evitativo,desrealizacao,perturbacao do sono,estrategias de enfrentamento inapropriadas,> 2 meses,transtorno de estresse pos-traumatico
vergonha,hipervigilancia,imprudente,flashbacks,sintomas pos-concussivos,evento traumatico,< 1 mes,transtorno de estresse agudo
horror,dificuldade de concentracao,automutilante,pseudoalucinacoes auditivas,perturbacao do sono,estrategias de enfrentamento inapropriadas,> 2 meses,transtorno de estresse pos-traumatico
inercia,dificuldade em descrever sintomas,robotico,distorcoes temporais,anestesia fisica,evento traumatico,variavel,transtorno de despersonalizacao/desrealizacao
hipoemotividade,acreditar que esta enlouquecendo,automato,despersonalizacao,perda de controle dos movimentos,ansiedade,variavel,transtorno de despersonalizacao/desrealizacao
surtos de raiva,pesadelos,impulsivo,despersonalizacao,ataques de panico,transtorno mental anterior,< 1 mes,transtorno de estresse agudo
sentimentos de inutilidade,dificuldade de concentracao,tentativa de suicidio,nao especificado,perda de energia,condicoes medicas cronicas,> 2 semanas,transtorno depressivo maior
reatividade emocional,lembranca recorrente,imprudente,flashbacks,sintomas pos-concussivos,evento traumatico,< 1 mes,transtorno de estresse agudo
disforia,preocupacao,irritadico,intrusao sensorial,resposta de sobressalto exagerada,transtorno mental anterior,> 2 meses,transtorno de estresse pos-traumatico
surtos de raiva,revivencia,impulsivo,desrealizacao,ataques de panico,neuroticismo,< 1 mes,transtorno de estresse agudo
desesperanca,dificuldade de concentracao,retraimento social,nao especificado,fadiga persistente,perda significativa,> 2 semanas,transtorno depressivo maior
apatia,dificuldade em descrever sintomas,robotico,experiencia extracorporea,anestesia fisica,evento traumatico,variavel,transtorno de despersonalizacao/desrealizacao
sofrimento intenso,hipervigilancia,irritadico,flashbacks,perturbacao do sono,evento traumatico,< 1 mes,transtorno de estresse agudo
sofrimento prolongado,amnesia dissociativa,evitativo,desrealizacao,reatividade fisiologica,neuroticismo,< 1 mes,transtorno de estresse agudo
desespero,revivencia,evitativo,intrusao sensorial,resposta de sobressalto exagerada,transtorno mental anterior,> 2 meses,transtorno de estresse pos-traumatico
reatividade emocional,amnesia dissociativa,imprudente,desrealizacao,sintomas pos-concussivos,neuroticismo,< 1 mes,transtorno de estresse agudo
anestesia emocional,dificuldade em descrever sintomas,conduta embotada,desrealizacao,anestesia fisica,depressao,variavel,transtorno de despersonalizacao/desrealizacao
medo de dano cerebral,preocupacao,conduta embotada,distorcoes visuais,perda de controle da fala,depressao,variavel,transtorno de despersonalizacao/desrealizacao
sentimentos de desvalia,preocupacao,tentativa de suicidio,nao especificado,alteracoes no apetite,evento traumatico,> 2 semanas,transtorno depressivo maior
apatia,acreditar que esta enlouquecendo,conduta embotada,experiencia extracorporea,perda de controle dos movimentos,uso de drogas ilicitas,variavel,transtorno de despersonalizacao/desrealizacao
anestesia emocional,acreditar que esta enlouquecendo,automato,desrealizacao,perda de controle dos movimentos,ansiedade,variavel,transtorno de despersonalizacao/desrealizacao
sofrimento intenso,pesadelos,irritadico,despersonalizacao,perturbacao do sono,transtorno mental anterior,< 1 mes,transtorno de estresse agudo
insensibilidade,acreditar que esta enlouquecendo,automato,distorcoes auditivas,perda de controle dos movimentos,ansiedade,variavel,transtorno de despersonalizacao/desrealizacao
anestesia emocional,ruminacao,automato,desrealizacao,sintomas somaticos,ansiedade,variavel,transtorno de despersonalizacao/desrealizacao
emocoes positivas ausentes,amnesia dissociativa,suicida,desrealizacao,perturbacao do sono,estrategias de enfrentamento inapropriadas,> 2 meses,transtorno de estresse pos-traumatico
vergonha,luto complicado,autodestrutivo,desrealizacao,perturbacao do sono,estrategias de enfrentamento inapropriadas,> 2 meses,transtorno de estresse pos-traumatico
sofrimento prolongado,dificuldade de concentracao,evitativo,despersonalizacao,reatividade fisiologica,transtorno mental anterior,< 1 mes,transtorno de estresse agudo
anestesia emocional,acreditar que esta enlouquecendo,conduta embotada,desrealizacao,perda de controle dos movimentos,uso de drogas ilicitas,variavel,transtorno de despersonalizacao/desrealizacao
sofrimento intenso,preocupacao,robotico,alteracoes perceptuais,perda de controle da fala,evento traumatico,variavel,transtorno de despersonalizacao/desrealizacao
medo de dano cerebral,preocupacao,automato,distorcoes visuais,perda de controle da fala,traumas interpessoais na infancia,variavel,transtorno de despersonalizacao/desrealizacao
desespero,luto complicado,evitativo,intrusao sensorial,resposta de sobressalto exagerada,transtorno mental anterior,> 2 meses,transtorno de estresse pos-traumatico
surtos de raiva,hipervigilancia,impulsivo,flashbacks,ataques de panico,evento traumatico,< 1 mes,transtorno de estresse agudo
emocoes positivas ausentes,luto complicado,irritadico,desrealizacao,perturbacao do sono,estrategias de enfrentamento inapropriadas,> 2 meses,transtorno de estresse pos-traumatico
emocoes positivas ausentes,dificuldade de concentracao,agressivo,despersonalizacao,resposta de sobressalto exagerada,transtorno mental anterior,< 1 mes,transtorno de estresse agudo
desesperanca,plano suicida,retraimento social,nao especificado,alteracoes de peso significativas,neuroticismo,> 2 semanas,transtorno depressivo maior
sofrimento prolongado,pesadelos,reativo,pseudoalucinacoes auditivas,perturbacao do sono,estrategias de enfrentamento inapropriadas,> 2 meses,transtorno de estresse pos-traumatico
angustia generalizada,problemas de memoria,choro,nao especificado,perturbacoes psicomotoras,perda significativa,> 2 semanas,transtorno depressivo maior
apatia,dificuldade em descrever sintomas,automato,experiencia extracorporea,anestesia fisica,traumas interpessoais na infancia,variavel,transtorno de despersonalizacao/desrealizacao
horror,ideias paranoides,agressivo,pseudoalucinacoes auditivas,perturbacao do sono,estrategias de enfrentamento inapropriadas,> 2 meses,transtorno de estresse pos-traumatico
sofrimento intenso,pesadelos,irritadico,despersonalizacao,perturbacao do sono,transtorno mental anterior,< 1 mes,transtorno de estresse agudo
insensibilidade,dificuldade em descrever sintomas,robotico,distorcoes auditivas,anestesia fisica,evento traumatico,variavel,transtorno de despersonalizacao/desrealizacao
anedonia,ideacao suicida,retraimento social,nao especificado,sintomas somaticos,herdabilidade,> 2 semanas,transtorno depressivo maior
medo,hipervigilancia,evitativo,flashbacks,reatividade fisiologica,evento traumatico,< 1 mes,transtorno de estresse agudo
anestesia emocional,acreditar que esta enlouquecendo,automato,desrealizacao,perda de controle dos movimentos,ansiedade,variavel,transtorno de despersonalizacao/desrealizacao
surtos de raiva,hipervigilancia,impulsivo,flashbacks,ataques de panico,evento traumatico,< 1 mes,transtorno de estresse agudo
inercia,dificuldade em descrever sintomas,robotico,distorcoes temporais,anestesia fisica,evento traumatico,variavel,transtorno de despersonalizacao/desrealizacao
medo,pesadelos,evitativo,despersonalizacao,reatividade fisiologica,transtorno mental anterior,< 1 mes,transtorno de estresse agudo
raiva,cognicao erronea,suicida,flashbacks,reatividade fisiologica,evento traumatico,> 2 meses,transtorno de estresse pos-traumatico
humor deprimido,plano suicida,suicida,nao especificado,insonia,neuroticismo,> 2 semanas,transtorno depressivo maior
sentimentos de desvalia,ideacao suicida,tentativa de suicidio,nao especificado,perda de energia,condicoes medicas cronicas,> 2 semanas,transtorno depressivo maior
emocoes positivas ausentes,revivencia,suicida,desrealizacao,perturbacao do sono,estrategias de enfrentamento inapropriadas,> 2 meses,transtorno de estresse pos-traumatico
tristeza,amnesia dissociativa,irritadico,desrealizacao,perturbacao do sono,neuroticismo,< 1 mes,transtorno de estresse agudo
raiva,revivencia,agressivo,desrealizacao,resposta de sobressalto exagerada,neuroticismo,< 1 mes,transtorno de estresse agudo
medo,pesadelos,evitativo,despersonalizacao,reatividade fisiologica,transtorno mental anterior,< 1 mes,transtorno de estresse agudo
emocoes positivas ausentes,dificuldade de concentracao,agressivo,despersonalizacao,resposta de sobressalto exagerada,transtorno mental anterior,< 1 mes,transtorno de estresse agudo
disforia,indecisao,tentativa de suicidio,nao especificado,alteracoes no apetite,condicoes medicas incapacitantes,> 2 semanas,transtorno depressivo maior
inercia,dificuldade em descrever sintomas,automato,distorcoes temporais,anestesia fisica,traumas interpessoais na infancia,variavel,transtorno de despersonalizacao/desrealizacao
tristeza,dificuldade de concentracao,irritadico,despersonalizacao,perturbacao do sono,transtorno mental anterior,< 1 mes,transtorno de estresse agudo
emocoes positivas ausentes,dificuldade de concentracao,agressivo,despersonalizacao,resposta de sobressalto exagerada,transtorno mental anterior,< 1 mes,transtorno de estresse agudo
sofrimento intenso,preocupacao,retraimento social,nao especificado,perturbacoes do sono,perda significativa,> 2 semanas,transtorno depressivo maior
disforia,problemas de memoria,tentativa de suicidio,nao especificado,alteracoes no apetite,transtornos subjacentes,> 2 semanas,transtorno depressivo maior
emocoes positivas ausentes,amnesia dissociativa,agressivo,desrealizacao,resposta de sobressalto exagerada,neuroticismo,< 1 mes,transtorno de estresse agudo
medo de dano cerebral,dificuldade em descrever sintomas,conduta embotada,distorcoes visuais,anestesia fisica,depressao,variavel,transtorno de despersonalizacao/desrealizacao
anedonia,pesadelos,agressivo,intrusao visual,reatividade fisiologica,evento traumatico,> 2 meses,transtorno de estresse pos-traumatico
inercia,ruminacao,conduta embotada,distorcoes temporais,sintomas somaticos,uso de drogas ilicitas,variavel,transtorno de despersonalizacao/desrealizacao
melancolia,perda de interesse,choro,nao especificado,perturbacoes psicomotoras,evento traumatico,> 2 semanas,transtorno depressivo maior
culpa delirante,dificuldade de concentracao,suicida,nao especificado,perturbacoes do sono,transtornos subjacentes,> 2 semanas,transtorno depressivo maior
sofrimento intenso,preocupacao,conduta embotada,alteracoes perceptuais,perda de controle da fala,depressao,variavel,transtorno de despersonalizacao/desrealizacao
raiva,revivencia,suicida,flashbacks,reatividade fisiologica,evento traumatico,> 2 meses,transtorno de estresse pos-traumatico
sofrimento intenso,acreditar que esta enlouquecendo,automato,alteracoes perceptuais,perda de controle dos movimentos,ansiedade,variavel,transtorno de despersonalizacao/desrealizacao
reatividade emocional,lembranca recorrente,imprudente,flashbacks,sintomas pos-concussivos,evento traumatico,< 1 mes,transtorno de estresse agudo
insensibilidade,dificuldade em descrever sintomas,automato,distorcoes auditivas,anestesia fisica,traumas interpessoais na infancia,variavel,transtorno de despersonalizacao/desrealizacao
sofrimento intenso,preocupacao,automato,alteracoes perceptuais,perda de controle da fala,traumas interpessoais na infancia,variavel,transtorno de despersonalizacao/desrealizacao
disforia,dificuldade de concentracao,tentativa de suicidio,nao especificado,catatonia,perda significativa,> 2 semanas,transtorno depressivo maior
desespero,preocupacao,evitativo,intrusao sensorial,resposta de sobressalto exagerada,transtorno mental anterior,> 2 meses,transtorno de estresse pos-traumatico
inercia,ruminacao,robotico,distorcoes temporais,sintomas somaticos,ataques de panico,variavel,transtorno de despersonalizacao/desrealizacao
sofrimento prolongado,dificuldade de concentracao,reativo,pseudoalucinacoes auditivas,perturbacao do sono,estrategias de enfrentamento inapropriadas,> 2 meses,transtorno de estresse pos-traumatico
anestesia emocional,dificuldade em descrever sintomas,conduta embotada,desrealizacao,anestesia fisica,depressao,variavel,transtorno de despersonalizacao/desrealizacao
anestesia emocional,ruminacao,automato,desrealizacao,sintomas somaticos,ansiedade,variavel,transtorno de despersonalizacao/desrealizacao
culpa,dificuldade de concentracao,reativo,despersonalizacao,resposta de sobressalto exagerada,transtorno mental anterior,> 2 meses,transtorno de estresse pos-traumatico
inercia,acreditar que esta enlouquecendo,robotico,distorcoes temporais,perda de controle dos movimentos,ataques de panico,variavel,transtorno de despersonalizacao/desrealizacao
culpa delirante,ideacao suicida,suicida,nao especificado,alteracoes de peso significativas,condicoes medicas cronicas,> 2 semanas,transtorno depressivo maior
medo,hipervigilancia,evitativo,flashbacks,reatividade fisiologica,evento traumatico,< 1 mes,transtorno de estresse agudo
emocoes positivas ausentes,cognicao erronea,irritadico,desrealizacao,perturbacao do sono,estrategias de enfrentamento inapropriadas,> 2 meses,transtorno de estresse pos-traumatico
sentimentos de desvalia,indecisao,tentativa de suicidio,nao especificado,hipersonia,neuroticismo,> 2 semanas,transtorno depressivo maior
culpa delirante,pensamentos recorrentes de morte,suicida,nao especificado,alteracoes de peso significativas,condicoes medicas incapacitantes,> 2 semanas,transtorno depressivo maior
raiva,hipervigilancia,agressivo,flashbacks,resposta de sobressalto exagerada,evento traumatico,< 1 mes,transtorno de estresse agudo
tristeza,lembranca recorrente,irritadico,flashbacks,perturbacao do sono,evento traumatico,< 1 mes,transtorno de estresse agudo
sofrimento intenso,acreditar que esta enlouquecendo,conduta embotada,alteracoes perceptuais,perda de controle dos movimentos,uso de drogas ilicitas,variavel,transtorno de despersonalizacao/desrealizacao
raiva,amnesia dissociativa,suicida,flashbacks,reatividade fisiologica,evento traumatico,> 2 meses,transtorno de estresse pos-traumatico
humor deprimido,indecisao,suicida,nao especificado,insonia,herdabilidade,> 2 semanas,transtorno depressivo maior
emocoes positivas ausentes,amnesia dissociativa,agressivo,desrealizacao,resposta de sobressalto exagerada,neuroticismo,< 1 mes,transtorno de estresse agudo
emocoes positivas ausentes,lembranca recorrente,agressivo,flashbacks,resposta de sobressalto exagerada,evento traumatico,< 1 mes,transtorno de estresse agudo
emocoes positivas ausentes,revivencia,suicida,desrealizacao,perturbacao do sono,estrategias de enfrentamento inapropriadas,> 2 meses,transtorno de estresse pos-traumatico
sofrimento intenso,preocupacao,autodestrutivo,flashbacks,reatividade fisiologica,evento traumatico,> 2 meses,transtorno de estresse pos-traumatico
tristeza,pensamentos recorrentes de morte,choro,nao especificado,alteracoes no apetite,herdabilidade,> 2 semanas,transtorno depressivo maior
culpa,amnesia dissociativa,impulsivo,desrealizacao,ataques de panico,neuroticismo,< 1 mes,transtorno de estresse agudo
insensibilidade,acreditar que esta enlouquecendo,conduta embotada,distorcoes auditivas,perda de controle dos movimentos,uso de drogas ilicitas,variavel,transtorno de despersonalizacao/desrealizacao
anedonia,pensamentos recorrentes de morte,retraimento social,nao especificado,insonia,evento traumatico,> 2 semanas,transtorno depressivo maior
anedonia,dificuldade de concentracao,retraimento social,nao especificado,insonia,neuroticismo,> 2 semanas,transtorno depressivo maior
sofrimento prolongado,expectativa negativa,reativo,pseudoalucinacoes auditivas,perturbacao do sono,estrategias de enfrentamento inapropriadas,> 2 meses,transtorno de estresse pos-traumatico
apatia,ruminacao,conduta embotada,experiencia extracorporea,sintomas somaticos,uso de drogas ilicitas,variavel,transtorno de despersonalizacao/desrealizacao
sofrimento prolongado,amnesia dissociativa,evitativo,desrealizacao,reatividade fisiologica,neuroticismo,< 1 mes,transtorno de estresse agudo
insensibilidade,dificuldade em descrever sintomas,automato,distorcoes auditivas,anestesia fisica,traumas interpessoais na infancia,variavel,transtorno de despersonalizacao/desrealizacao
culpa,pesadelos,imprudente,despersonalizacao,resposta de sobressalto exagerada,transtorno mental anterior,> 2 meses,transtorno de estresse pos-traumatico
culpa,lembranca recorrente,impulsivo,flashbacks,ataques de panico,evento traumatico,< 1 mes,transtorno de estresse agudo
sofrimento intenso,ruminacao,automato,alteracoes perceptuais,sintomas somaticos,ansiedade,variavel,transtorno de despersonalizacao/desrealizacao
sofrimento intenso,indecisao,retraimento social,nao especificado,insonia,condicoes medicas cronicas,> 2 semanas,transtorno depressivo maior
medo de dano cerebral,ruminacao,automato,distorcoes visuais,sintomas somaticos,ansiedade,variavel,transtorno de despersonalizacao/desrealizacao
sentimentos de desvalia,pensamentos recorrentes de morte,tentativa de suicidio,nao especificado,catatonia,condicoes medicas cronicas,> 2 semanas,transtorno depressivo maior
inercia,preocupacao,conduta embotada,distorcoes temporais,perda de controle da fala,depressao,variavel,transtorno de despersonalizacao/desrealizacao
reatividade emocional,amnesia dissociativa,imprudente,desrealizacao,sintomas pos-concussivos,neuroticismo,< 1 mes,transtorno de estresse agudo
raiva,preocupacao,suicida,flashbacks,reatividade fisiologica,evento traumatico,> 2 meses,transtorno de estresse pos-traumatico
sofrimento prolongado,dificuldade de concentracao,evitativo,despersonalizacao,reatividade fisiologica,transtorno mental anterior,< 1 mes,transtorno de estresse agudo
sofrimento prolongado,dificuldade de concentracao,evitativo,despersonalizacao,reatividade fisiologica,transtorno mental anterior,< 1 mes,transtorno de estresse agudo
horror,lembranca recorrente,agressivo,pseudoalucinacoes auditivas,perturbacao do sono,estrategias de enfrentamento inapropriadas,> 2 meses,transtorno de estresse pos-traumatico
sofrimento intenso,acreditar que esta enlouquecendo,automato,alteracoes perceptuais,perda de controle dos movimentos,ansiedade,variavel,transtorno de despersonalizacao/desrealizacao
medo de dano cerebral,ruminacao,automato,distorcoes visuais,sintomas somaticos,ansiedade,variavel,transtorno de despersonalizacao/desrealizacao
sofrimento prolongado,amnesia dissociativa,evitativo,desrealizacao,reatividade fisiologica,neuroticismo,< 1 mes,transtorno de estresse agudo
tristeza,amnesia dissociativa,irritadico,desrealizacao,perturbacao do sono,neuroticismo,< 1 mes,transtorno de estresse agudo
raiva,hipervigilancia,agressivo,flashbacks,resposta de sobressalto exagerada,evento traumatico,< 1 mes,transtorno de estresse agudo
autoaversao,problemas de memoria,suicida,nao especificado,perturbacoes do sono,transtornos subjacentes,> 2 semanas,transtorno depressivo maior
apatia,ruminacao,robotico,experiencia extracorporea,sintomas somaticos,ataques de panico,variavel,transtorno de despersonalizacao/desrealizacao
raiva,preocupacao,irritadico,flashbacks,reatividade fisiologica,evento traumatico,> 2 meses,transtorno de estresse pos-traumatico
tristeza,dificuldade de concentracao,irritadico,despersonalizacao,perturbacao do sono,transtorno mental anterior,< 1 mes,transtorno de estresse agudo
sofrimento intenso,recordacao intrusiva,retraimento social,nao especificado,sintomas somaticos,transtornos subjacentes,> 2 semanas,transtorno depressivo maior
sofrimento prolongado,dificuldade de concentracao,evitativo,despersonalizacao,reatividade fisiologica,transtorno mental anterior,< 1 mes,transtorno de estresse agudo
sofrimento intenso,cognicao erronea,evitativo,flashbacks,reatividade fisiologica,evento traumatico,> 2 meses,transtorno de estresse pos-traumatico
sentimentos de inutilidade,preocupacao,tentativa de suicidio,nao especificado,perturbacoes psicomotoras,neuroticismo,> 2 semanas,transtorno depressivo maior
culpa delirante,ruminacao,suicida,nao especificado,alteracoes de peso significativas,herdabilidade,> 2 semanas,transtorno depressivo maior
sofrimento intenso,acreditar que esta enlouquecendo,robotico,alteracoes perceptuais,perda de controle dos movimentos,ataques de panico,variavel,transtorno de despersonalizacao/desrealizacao
sofrimento prolongado,ideias paranoides,reativo,pseudoalucinacoes auditivas,perturbacao do sono,estrategias de enfrentamento inapropriadas,> 2 meses,transtorno de estresse pos-traumatico
vergonha,preocupacao,autodestrutivo,desrealizacao,perturbacao do sono,estrategias de enfrentamento inapropriadas,> 2 meses,transtorno de estresse pos-traumatico
vergonha,amnesia dissociativa,autodestrutivo,desrealizacao,perturbacao do sono,estrategias de enfrentamento inapropriadas,> 2 meses,transtorno de estresse pos-traumatico
sentimentos de inutilidade,recordacao intrusiva,tentativa de suicidio,nao especificado,catatonia,condicoes medicas cronicas,> 2 semanas,transtorno depressivo maior
reatividade emocional,dificuldade de concentracao,imprudente,despersonalizacao,sintomas pos-concussivos,transtorno mental anterior,< 1 mes,transtorno de estresse agudo
insensibilidade,ruminacao,automato,distorcoes auditivas,sintomas somaticos,ansiedade,variavel,transtorno de despersonalizacao/desrealizacao
anedonia,pesadelos,automutilante,intrusao visual,reatividade fisiologica,evento traumatico,> 2 meses,transtorno de estresse pos-traumatico
culpa,dificuldade de concentracao,impulsivo,despersonalizacao,ataques de panico,transtorno mental anterior,< 1 mes,transtorno de estresse agudo
angustia generalizada,ruminacao,choro,nao especificado,alteracoes no apetite,herdabilidade,> 2 semanas,transtorno depressivo maior
anedonia,dificuldade de concentracao,automutilante,intrusao visual,reatividade fisiologica,evento traumatico,> 2 meses,transtorno de estresse pos-traumatico
surtos de raiva,hipervigilancia,impulsivo,flashbacks,ataques de panico,evento traumatico,< 1 mes,transtorno de estresse agudo
insensibilidade,acreditar que esta enlouquecendo,robotico,distorcoes auditivas,perda de controle dos movimentos,ataques de panico,variavel,transtorno de despersonalizacao/desrealizacao
culpa,lembranca recorrente,reativo,despersonalizacao,resposta de sobressalto exagerada,transtorno mental anterior,> 2 meses,transtorno de estresse pos-traumatico
culpa delirante,dificuldade de concentracao,suicida,nao especificado,fadiga persistente,herdabilidade,> 2 semanas,transtorno depressivo maior
anedonia,dificuldade de concentracao,retraimento social,nao especificado,fadiga persistente,condicoes medicas cronicas,> 2 semanas,transtorno depressivo maior
tristeza,ideacao suicida,choro,nao especificado,hipersonia,perda significativa,> 2 semanas,transtorno depressivo maior
tristeza,dificuldade de concentracao,irritadico,despersonalizacao,perturbacao do sono,transtorno mental anterior,< 1 mes,transtorno de estresse agudo
medo de dano cerebral,dificuldade em descrever sintomas,automato,distorcoes visuais,anestesia fisica,traumas interpessoais na infancia,variavel,transtorno de despersonalizacao/desrealizacao
culpa,amnesia dissociativa,impulsivo,desrealizacao,ataques de panico,neuroticismo,< 1 mes,transtorno de estresse agudo
medo,pesadelos,evitativo,despersonalizacao,reatividade fisiologica,transtorno mental anterior,< 1 mes,transtorno de estresse agudo
insensibilidade,acreditar que esta enlouquecendo,robotico,distorcoes auditivas,perda de controle dos movimentos,ataques de panico,variavel,transtorno de despersonalizacao/desrealizacao
raiva,pesadelos,agressivo,despersonalizacao,resposta de sobressalto exagerada,transtorno mental anterior,< 1 mes,transtorno de estresse agudo
inercia,preocupacao,automato,distorcoes temporais,perda de controle da fala,traumas interpessoais na infancia,variavel,transtorno de despersonalizacao/desrealizacao
emocoes positivas ausentes,amnesia dissociativa,agressivo,desrealizacao,resposta de sobressalto exagerada,neuroticismo,< 1 mes,transtorno de estresse agudo
insensibilidade,acreditar que esta enlouquecendo,robotico,distorcoes auditivas,perda de controle dos movimentos,ataques de panico,variavel,transtorno de despersonalizacao/desrealizacao
medo,lembranca recorrente,imprudente,intrusao visual,reatividade fisiologica,evento traumatico,> 2 meses,transtorno de estresse pos-traumatico
autoaversao,perda de interesse,suicida,nao especificado,perturbacoes do sono,neuroticismo,> 2 semanas,transtorno depressivo maior
inercia,ruminacao,conduta embotada,distorcoes temporais,sintomas somaticos,uso de drogas ilicitas,variavel,transtorno de despersonalizacao/desrealizacao
medo,revivencia,evitativo,desrealizacao,reatividade fisiologica,neuroticismo,< 1 mes,transtorno de estresse agudo
culpa,lembranca recorrente,impulsivo,flashbacks,ataques de panico,evento traumatico,< 1 mes,transtorno de estresse agudo
disforia,cognicao erronea,suicida,intrusao sensorial,resposta de sobressalto exagerada,transtorno mental anterior,> 2 meses,transtorno de estresse pos-traumatico
reatividade emocional,dificuldade de concentracao,imprudente,despersonalizacao,sintomas pos-concussivos,transtorno mental anterior,< 1 mes,transtorno de estresse agudo
emocoes positivas ausentes,preocupacao,irritadico,desrealizacao,perturbacao do sono,estrategias de enfrentamento inapropriadas,> 2 meses,transtorno de estresse pos-traumatico
humor deprimido,recordacao intrusiva,suicida,nao especificado,fadiga persistente,herdabilidade,> 2 semanas,transtorno depressivo maior
inercia,preocupacao,robotico,distorcoes temporais,perda de controle da fala,evento traumatico,variavel,transtorno de despersonalizacao/desrealizacao
reatividade emocional,dificuldade de concentracao,imprudente,despersonalizacao,sintomas pos-concussivos,transtorno mental anterior,< 1 mes,transtorno de estresse agudo
sentimentos de inutilidade,preocupacao,tentativa de suicidio,nao especificado,perda de energia,perda significativa,> 2 semanas,transtorno depressivo maior
medo,revivencia,evitativo,desrealizacao,reatividade fisiologica,neuroticismo,< 1 mes,transtorno de estresse agudo
raiva,pesadelos,agressivo,despersonalizacao,resposta de sobressalto exagerada,transtorno mental anterior,< 1 mes,transtorno de estresse agudo
angustia generalizada,dificuldade para pensar,choro,nao especificado,perda de energia,transtornos subjacentes,> 2 semanas,transtorno depressivo maior
anedonia,dificuldade de concentracao,automutilante,intrusao visual,reatividade fisiologica,evento traumatico,> 2 meses,transtorno de estresse pos-traumatico
hipoemotividade,preocupacao,automato,despersonalizacao,perda de controle da fala,traumas interpessoais na infancia,variavel,transtorno de despersonalizacao/desrealizacao
medo,expectativa negativa,reativo,intrusao visual,reatividade fisiologica,evento traumatico,> 2 meses,transtorno de estresse pos-traumatico
hipoemotividade,ruminacao,automato,despersonalizacao,sintomas somaticos,ansiedade,variavel,transtorno de despersonalizacao/desrealizacao
medo de dano cerebral,dificuldade em descrever sintomas,robotico,distorcoes visuais,anestesia fisica,evento traumatico,variavel,transtorno de despersonalizacao/desrealizacao
vergonha,amnesia dissociativa,autodestrutivo,desrealizacao,perturbacao do sono,estrategias de enfrentamento inapropriadas,> 2 meses,transtorno de estresse pos-traumatico
anedonia,ruminacao,retraimento social,nao especificado,insonia,transtornos subjacentes,> 2 semanas,transtorno depressivo maior
inercia,acreditar que esta enlouquecendo,robotico,distorcoes temporais,perda de controle dos movimentos,ataques de panico,variavel,transtorno de despersonalizacao/desrealizacao
tristeza,dificuldade de concentracao,choro,nao especificado,perda de energia,evento traumatico,> 2 semanas,transtorno depressivo maior
sofrimento intenso,ruminacao,robotico,alteracoes perceptuais,sintomas somaticos,ataques de panico,variavel,transtorno de despersonalizacao/desrealizacao
raiva,pesadelos,agressivo,despersonalizacao,resposta de sobressalto exagerada,transtorno mental anterior,< 1 mes,transtorno de estresse agudo
raiva,luto complicado,irritadico,flashbacks,reatividade fisiologica,evento traumatico,> 2 meses,transtorno de estresse pos-traumatico
anestesia emocional,dificuldade em descrever sintomas,automato,desrealizacao,anestesia fisica,traumas interpessoais na infancia,variavel,transtorno de despersonalizacao/desrealizacao
vergonha,revivencia,imprudente,desrealizacao,sintomas pos-concussivos,neuroticismo,< 1 mes,transtorno de estresse agudo
sentimentos de desvalia,preocupacao,tentativa de suicidio,nao especificado,perturbacoes psicomotoras,condicoes medicas cronicas,> 2 semanas,transtorno depressivo maior
medo de dano cerebral,preocupacao,conduta embotada,distorcoes visuais,perda de controle da fala,depressao,variavel,transtorno de despersonalizacao/desrealizacao
surtos de raiva,revivencia,impulsivo,desrealizacao,ataques de panico,neuroticismo,< 1 mes,transtorno de estresse agudo
reatividade emocional,lembranca recorrente,imprudente,flashbacks,sintomas pos-concussivos,evento traumatico,< 1 mes,transtorno de estresse agudo
sofrimento intenso,acreditar que esta enlouquecendo,automato,alteracoes perceptuais,perda de controle dos movimentos,ansiedade,variavel,transtorno de despersonalizacao/desrealizacao
medo de dano cerebral,dificuldade em descrever sintomas,robotico,distorcoes visuais,anestesia fisica,evento traumatico,variavel,transtorno de despersonalizacao/desrealizacao
surtos de raiva,revivencia,impulsivo,desrealizacao,ataques de panico,neuroticismo,< 1 mes,transtorno de estresse agudo
sentimentos de inutilidade,ruminacao,tentativa de suicidio,nao especificado,catatonia,condicoes medicas incapacitantes,> 2 semanas,transtorno depressivo maior
sofrimento intenso,revivencia,irritadico,desrealizacao,perturbacao do sono,neuroticismo,< 1 mes,transtorno de estresse agudo
disforia,indecisao,tentativa de suicidio,nao especificado,perturbacoes psicomotoras,transtornos subjacentes,> 2 semanas,transtorno depressivo maior
humor deprimido,problemas de memoria,suicida,nao especificado,insonia,perda significativa,> 2 semanas,transtorno depressivo maior
medo,ideias paranoides,imprudente,intrusao visual,reatividade fisiologica,evento traumatico,> 2 meses,transtorno de estresse pos-traumatico
humor deprimido,pensamentos recorrentes de morte,suicida,nao especificado,perturbacoes do sono,perda significativa,> 2 semanas,transtorno depressivo maior
apatia,acreditar que esta enlouquecendo,robotico,experiencia extracorporea,perda de controle dos movimentos,ataques de panico,variavel,transtorno de despersonalizacao/desrealizacao
vergonha,luto complicado,autodestrutivo,desrealizacao,perturbacao do sono,estrategias de enfrentamento inapropriadas,> 2 meses,transtorno de estresse pos-traumatico
culpa delirante,recordacao intrusiva,suicida,nao especificado,perturbacoes do sono,evento traumatico,> 2 semanas,transtorno depressivo maior
anedonia,ideacao suicida,retraimento social,nao especificado,perturbacoes do sono,condicoes medicas cronicas,> 2 semanas,transtorno depressivo maior
sofrimento intenso,perda de interesse,retraimento social,nao especificado,insonia,perda significativa,> 2 semanas,transtorno depressivo maior
emocoes positivas ausentes,dificuldade de concentracao,agressivo,despersonalizacao,resposta de sobressalto exagerada,transtorno mental anterior,< 1 mes,transtorno de estresse agudo
vergonha,preocupacao,autodestrutivo,desrealizacao,perturbacao do sono,estrategias de enfrentamento inapropriadas,> 2 meses,transtorno de estresse pos-traumatico
medo,dificuldade de concentracao,reativo,intrusao visual,reatividade fisiologica,evento traumatico,> 2 meses,transtorno de estresse pos-traumatico
desespero,luto complicado,evitativo,intrusao sensorial,resposta de sobressalto exagerada,transtorno mental anterior,> 2 meses,transtorno de estresse pos-traumatico
surtos de raiva,hipervigilancia,impulsivo,flashbacks,ataques de panico,evento traumatico,< 1 mes,transtorno de estresse agudo
sentimentos de inutilidade,dificuldade de concentracao,tentativa de suicidio,nao especificado,perturbacoes psicomotoras,condicoes medicas incapacitantes,> 2 semanas,transtorno depressivo maior
sofrimento intenso,revivencia,irritadico,desrealizacao,perturbacao do sono,neuroticismo,< 1 mes,transtorno de estresse agudo
desespero,luto complicado,evitativo,intrusao sensorial,resposta de sobressalto exagerada,transtorno mental anterior,> 2 meses,transtorno de estresse pos-traumatico
reatividade emocional,amnesia dissociativa,imprudente,desrealizacao,sintomas pos-concussivos,neuroticismo,< 1 mes,transtorno de estresse agudo
culpa,amnesia dissociativa,impulsivo,desrealizacao,ataques de panico,neuroticismo,< 1 mes,transtorno de estresse agudo
emocoes positivas ausentes,revivencia,suicida,desrealizacao,perturbacao do sono,estrategias de enfrentamento inapropriadas,> 2 meses,transtorno de estresse pos-traumatico
sofrimento intenso,ruminacao,retraimento social,nao especificado,perturbacoes do sono,evento traumatico,> 2 semanas,transtorno depressivo maior
apatia,acreditar que esta enlouquecendo,automato,experiencia extracorporea,perda de controle dos movimentos,ansiedade,variavel,transtorno de despersonalizacao/desrealizacao
anedonia,expectativa negativa,agressivo,intrusao visual,reatividade fisiologica,evento traumatico,> 2 meses,transtorno de estresse pos-traumatico
disforia,problemas de memoria,tentativa de suicidio,nao especificado,hipersonia,herdabilidade,> 2 semanas,transtorno depressivo maior
hipoemotividade,preocupacao,robotico,despersonalizacao,perda de controle da fala,evento traumatico,variavel,transtorno de despersonalizacao/desrealizacao
disforia,dificuldade para pensar,tentativa de suicidio,nao especificado,perturbacoes psicomotoras,transtornos subjacentes,> 2 semanas,transtorno depressivo maior
sofrimento intenso,preocupacao,robotico,alteracoes perceptuais,perda de controle da fala,evento traumatico,variavel,transtorno de despersonalizacao/desrealizacao
medo,dificuldade de concentracao,imprudente,intrusao visual,reatividade fisiologica,evento traumatico,> 2 meses,transtorno de estresse pos-traumatico
medo,hipervigilancia,evitativo,flashbacks,reatividade fisiologica,evento traumatico,< 1 mes,transtorno de estresse agudo
medo,ideias paranoides,reativo,intrusao visual,reatividade fisiologica,evento traumatico,> 2 meses,transtorno de estresse pos-traumatico
angustia generalizada,indecisao,choro,nao especificado,catatonia,perda significativa,> 2 semanas,transtorno depressivo maior
vergonha,preocupacao,evitativo,desrealizacao,perturbacao do sono,estrategias de enfrentamento inapropriadas,> 2 meses,transtorno de estresse pos-traumatico
horror,dificuldade de concentracao,agressivo,pseudoalucinacoes auditivas,perturbacao do sono,estrategias de enfrentamento inapropriadas,> 2 meses,transtorno de estresse pos-traumatico
desesperanca,preocupacao,retraimento social,nao especificado,perturbacoes do sono,condicoes medicas cronicas,> 2 semanas,transtorno depressivo maior
sofrimento intenso,ruminacao,retraimento social,nao especificado,insonia,perda significativa,> 2 semanas,transtorno depressivo maior
anestesia emocional,ruminacao,robotico,desrealizacao,sintomas somaticos,ataques de panico,variavel,transtorno de despersonalizacao/desrealizacao
desesperanca,plano suicida,retraimento social,nao especificado,fadiga persistente,condicoes medicas incapacitantes,> 2 semanas,transtorno depressivo maior
sentimentos de desvalia,dificuldade de concentracao,tentativa de suicidio,nao especificado,perda de energia,perda significativa,> 2 semanas,transtorno depressivo maior
vergonha,hipervigilancia,imprudente,flashbacks,sintomas pos-concussivos,evento traumatico,< 1 mes,transtorno de estresse agudo
anestesia emocional,preocupacao,automato,desrealizacao,perda de controle da fala,traumas interpessoais na infancia,variavel,transtorno de despersonalizacao/desrealizacao
vergonha,cognicao erronea,autodestrutivo,desrealizacao,perturbacao do sono,estrategias de enfrentamento inapropriadas,> 2 meses,transtorno de estresse pos-traumatico
medo,hipervigilancia,evitativo,flashbacks,reatividade fisiologica,evento traumatico,< 1 mes,transtorno de estresse agudo
tristeza,plano suicida,choro,nao especificado,hipersonia,evento traumatico,> 2 semanas,transtorno depressivo maior
culpa,expectativa negativa,reativo,despersonalizacao,resposta de sobressalto exagerada,transtorno mental anterior,> 2 meses,transtorno de estresse pos-traumatico
medo de dano cerebral,ruminacao,automato,distorcoes visuais,sintomas somaticos,ansiedade,variavel,transtorno de despersonalizacao/desrealizacao
medo,hipervigilancia,evitativo,flashbacks,reatividade fisiologica,evento traumatico,< 1 mes,transtorno de estresse agudo
anedonia,indecisao,retraimento social,nao especificado,insonia,perda significativa,> 2 semanas,transtorno depressivo maior
melancolia,dificuldade para pensar,choro,nao especificado,alteracoes no apetite,herdabilidade,> 2 semanas,transtorno depressivo maior
surtos de raiva,hipervigilancia,impulsivo,flashbacks,ataques de panico,evento traumatico,< 1 mes,transtorno de estresse agudo
anedonia,pensamentos recorrentes de morte,retraimento social,nao especificado,fadiga persistente,condicoes medicas cronicas,> 2 semanas,transtorno depressivo maior
desesperanca,indecisao,retraimento social,nao especificado,sintomas somaticos,condicoes medicas incapacitantes,> 2 semanas,transtorno depressivo maior
reatividade emocional,amnesia dissociativa,imprudente,desrealizacao,sintomas pos-concussivos,neuroticismo,< 1 mes,transtorno de estresse agudo
anedonia,ideias paranoides,agressivo,intrusao visual,reatividade fisiologica,evento traumatico,> 2 meses,transtorno de estresse pos-traumatico
humor deprimido,plano suicida,suicida,nao especificado,alteracoes de peso significativas,herdabilidade,> 2 semanas,transtorno depressivo maior
sentimentos de inutilidade,preocupacao,tentativa de suicidio,nao especificado,catatonia,evento traumatico,> 2 semanas,transtorno depressivo maior
disforia,cognicao erronea,irritadico,intrusao sensorial,resposta de sobressalto exagerada,transtorno mental anterior,> 2 meses,transtorno de estresse pos-traumatico
emocoes positivas ausentes,amnesia dissociativa,agressivo,desrealizacao,resposta de sobressalto exagerada,neuroticismo,< 1 mes,transtorno de estresse agudo
desespero,revivencia,evitativo,intrusao sensorial,resposta de sobressalto exagerada,transtorno mental anterior,> 2 meses,transtorno de estresse pos-traumatico
apatia,acreditar que esta enlouquecendo,automato,experiencia extracorporea,perda de controle dos movimentos,ansiedade,variavel,transtorno de despersonalizacao/desrealizacao
sofrimento prolongado,lembranca recorrente,imprudente,pseudoalucinacoes auditivas,perturbacao do sono,estrategias de enfrentamento inapropriadas,> 2 meses,transtorno de estresse pos-traumatico
desespero,revivencia,evitativo,intrusao sensorial,resposta de sobressalto exagerada,transtorno mental anterior,> 2 meses,transtorno de estresse pos-traumatico
culpa,lembranca recorrente,impulsivo,flashbacks,ataques de panico,evento traumatico,< 1 mes,transtorno de estresse agudo
desesperanca,perda de interesse,retraimento social,nao especificado,alteracoes de peso significativas,condicoes medicas incapacitantes,> 2 semanas,transtorno depressivo maior
sofrimento intenso,pensamentos recorrentes de morte,retraimento social,nao especificado,alteracoes de peso significativas,evento traumatico,> 2 semanas,transtorno depressivo maior
inercia,preocupacao,robotico,distorcoes temporais,perda de controle da fala,evento traumatico,variavel,transtorno de despersonalizacao/desrealizacao
sofrimento intenso,plano suicida,retraimento social,nao especificado,insonia,transtornos subjacentes,> 2 semanas,transtorno depressivo maior
desespero,amnesia dissociativa,autodestrutivo,intrusao sensorial,resposta de sobressalto exagerada,transtorno mental anterior,> 2 meses,transtorno de estresse pos-traumatico
anestesia emocional,dificuldade em descrever sintomas,robotico,desrealizacao,anestesia fisica,evento traumatico,variavel,transtorno de despersonalizacao/desrealizacao
disforia,ideacao suicida,tentativa de suicidio,nao especificado,catatonia,evento traumatico,> 2 semanas,transtorno depressivo maior
emocoes positivas ausentes,cognicao erronea,irritadico,desrealizacao,perturbacao do sono,estrategias de enfrentamento inapropriadas,> 2 meses,transtorno de estresse pos-traumatico
horror,dificuldade de concentracao,automutilante,pseudoalucinacoes auditivas,perturbacao do sono,estrategias de enfrentamento inapropriadas,> 2 meses,transtorno de estresse pos-traumatico
desesperanca,pensamentos recorrentes de morte,retraimento social,nao especificado,sintomas somaticos,condicoes medicas cronicas,> 2 semanas,transtorno depressivo maior
vergonha,amnesia dissociativa,evitativo,desrealizacao,perturbacao do sono,estrategias de enfrentamento inapropriadas,> 2 meses,transtorno de estresse pos-traumatico
sofrimento intenso,revivencia,irritadico,desrealizacao,perturbacao do sono,neuroticismo,< 1 mes,transtorno de estresse agudo
melancolia,pensamentos recorrentes de morte,choro,nao especificado,perturbacoes psicomotoras,condicoes medicas cronicas,> 2 semanas,transtorno depressivo maior
emocoes positivas ausentes,luto complicado,irritadico,desrealizacao,perturbacao do sono,estrategias de enfrentamento inapropriadas,> 2 meses,transtorno de estresse pos-traumatico
anestesia emocional,acreditar que esta enlouquecendo,conduta embotada,desrealizacao,perda de controle dos movimentos,uso de drogas ilicitas,variavel,transtorno de despersonalizacao/desrealizacao
melancolia,preocupacao,choro,nao especificado,hipersonia,transtornos subjacentes,> 2 semanas,transtorno depressivo maior
reatividade emocional,lembranca recorrente,imprudente,flashbacks,sintomas pos-concussivos,evento traumatico,< 1 mes,transtorno de estresse agudo
humor deprimido,ruminacao,suicida,nao especificado,alteracoes de peso significativas,evento traumatico,> 2 semanas,transtorno depressivo maior
sofrimento intenso,ruminacao,robotico,alteracoes perceptuais,sintomas somaticos,ataques de panico,variavel,transtorno de despersonalizacao/desrealizacao
sofrimento intenso,preocupacao,automato,alteracoes perceptuais,perda de controle da fala,traumas interpessoais na infancia,variavel,transtorno de despersonalizacao/desrealizacao
medo de dano cerebral,ruminacao,conduta embotada,distorcoes visuais,sintomas somaticos,uso de drogas ilicitas,variavel,transtorno de despersonalizacao/desrealizacao
sofrimento prolongado,lembranca recorrente,evitativo,flashbacks,reatividade fisiologica,evento traumatico,< 1 mes,transtorno de estresse agudo
inercia,acreditar que esta enlouquecendo,conduta embotada,distorcoes temporais,perda de controle dos movimentos,uso de drogas ilicitas,variavel,transtorno de despersonalizacao/desrealizacao
surtos de raiva,revivencia,impulsivo,desrealizacao,ataques de panico,neuroticismo,< 1 mes,transtorno de estresse agudo
disforia,amnesia dissociativa,irritadico,intrusao sensorial,resposta de sobressalto exagerada,transtorno mental anterior,> 2 meses,transtorno de estresse pos-traumatico
medo de dano cerebral,ruminacao,conduta embotada,distorcoes visuais,sintomas somaticos,uso de drogas ilicitas,variavel,transtorno de despersonalizacao/desrealizacao
anedonia,lembranca recorrente,automutilante,intrusao visual,reatividade fisiologica,evento traumatico,> 2 meses,transtorno de estresse pos-traumatico
culpa,dificuldade de concentracao,impulsivo,despersonalizacao,ataques de panico,transtorno mental anterior,< 1 mes,transtorno de estresse agudo
vergonha,preocupacao,evitativo,desrealizacao,perturbacao do sono,estrategias de enfrentamento inapropriadas,> 2 meses,transtorno de estresse pos-traumatico
sofrimento prolongado,dificuldade de concentracao,reativo,pseudoalucinacoes auditivas,perturbacao do sono,estrategias de enfrentamento inapropriadas,> 2 meses,transtorno de estresse pos-traumatico
sofrimento prolongado,ideias paranoides,imprudente,pseudoalucinacoes auditivas,perturbacao do sono,estrategias de enfrentamento inapropriadas,> 2 meses,transtorno de estresse pos-traumatico
emocoes positivas ausentes,amnesia dissociativa,agressivo,desrealizacao,resposta de sobressalto exagerada,neuroticismo,< 1 mes,transtorno de estresse agudo
surtos de raiva,hipervigilancia,impulsivo,flashbacks,ataques de panico,evento traumatico,< 1 mes,transtorno de estresse agudo
inercia,dificuldade em descrever sintomas,robotico,distorcoes temporais,anestesia fisica,evento traumatico,variavel,transtorno de despersonalizacao/desrealizacao
culpa delirante,recordacao intrusiva,suicida,nao especificado,fadiga persistente,condicoes medicas incapacitantes,> 2 semanas,transtorno depressivo maior
inercia,acreditar que esta enlouquecendo,automato,distorcoes temporais,perda de controle dos movimentos,ansiedade,variavel,transtorno de despersonalizacao/desrealizacao
vergonha,hipervigilancia,imprudente,flashbacks,sintomas pos-concussivos,evento traumatico,< 1 mes,transtorno de estresse agudo
vergonha,hipervigilancia,imprudente,flashbacks,sintomas pos-concussivos,evento traumatico,< 1 mes,transtorno de estresse agudo
anedonia,pesadelos,agressivo,intrusao visual,reatividade fisiologica,evento traumatico,> 2 meses,transtorno de estresse pos-traumatico
desesperanca,perda de interesse,retraimento social,nao especificado,perturbacoes do sono,transtornos subjacentes,> 2 semanas,transtorno depressivo maior
insensibilidade,preocupacao,robotico,distorcoes auditivas,perda de controle da fala,evento traumatico,variavel,transtorno de despersonalizacao/desrealizacao
tristeza,perda de interesse,choro,nao especificado,perda de energia,neuroticismo,> 2 semanas,transtorno depressivo maior
anedonia,ideacao suicida,retraimento social,nao especificado,insonia,condicoes medicas incapacitantes,> 2 semanas,transtorno depressivo maior
raiva,preocupacao,irritadico,flashbacks,reatividade fisiologica,evento traumatico,> 2 meses,transtorno de estresse pos-traumatico
disforia,cognicao erronea,suicida,intrusao sensorial,resposta de sobressalto exagerada,transtorno mental anterior,> 2 meses,transtorno de estresse pos-traumatico
apatia,preocupacao,automato,experiencia extracorporea,perda de controle da fala,traumas interpessoais na infancia,variavel,transtorno de despersonalizacao/desrealizacao
emocoes positivas ausentes,dificuldade de concentracao,agressivo,despersonalizacao,resposta de sobressalto exagerada,transtorno mental anterior,< 1 mes,transtorno de estresse agudo
disforia,dificuldade de concentracao,tentativa de suicidio,nao especificado,hipersonia,condicoes medicas incapacitantes,> 2 semanas,transtorno depressivo maior
sofrimento intenso,hipervigilancia,irritadico,flashbacks,perturbacao do sono,evento traumatico,< 1 mes,transtorno de estresse agudo
sofrimento intenso,pesadelos,irritadico,despersonalizacao,perturbacao do sono,transtorno mental anterior,< 1 mes,transtorno de estresse agudo
horror,ideias paranoides,automutilante,pseudoalucinacoes auditivas,perturbacao do sono,estrategias de enfrentamento inapropriadas,> 2 meses,transtorno de estresse pos-traumatico
culpa,lembranca recorrente,reativo,despersonalizacao,resposta de sobressalto exagerada,transtorno mental anterior,> 2 meses,transtorno de estresse pos-traumatico
humor deprimido,indecisao,suicida,nao especificado,perturbacoes do sono,neuroticismo,> 2 semanas,transtorno depressivo maior
insensibilidade,ruminacao,robotico,distorcoes auditivas,sintomas somaticos,ataques de panico,variavel,transtorno de despersonalizacao/desrealizacao
medo,hipervigilancia,evitativo,flashbacks,reatividade fisiologica,evento traumatico,< 1 mes,transtorno de estresse agudo
sofrimento intenso,ideacao suicida,retraimento social,nao especificado,sintomas somaticos,evento traumatico,> 2 semanas,transtorno depressivo maior
medo,revivencia,evitativo,desrealizacao,reatividade fisiologica,neuroticismo,< 1 mes,transtorno de estresse agudo
hipoemotividade,preocupacao,automato,despersonalizacao,perda de controle da fala,traumas interpessoais na infancia,variavel,transtorno de despersonalizacao/desrealizacao
tristeza,lembranca recorrente,irritadico,flashbacks,perturbacao do sono,evento traumatico,< 1 mes,transtorno de estresse agudo
horror,expectativa negativa,automutilante,pseudoalucinacoes auditivas,perturbacao do sono,estrategias de enfrentamento inapropriadas,> 2 meses,transtorno de estresse pos-traumatico
irritacao,lembranca recorrente,agressivo,despersonalizacao,resposta de sobressalto exagerada,transtorno mental anterior,> 2 meses,transtorno de estresse pos-traumatico
anedonia,plano suicida,retraimento social,nao especificado,perturbacoes do sono,transtornos subjacentes,> 2 semanas,transtorno depressivo maior
apatia,dificuldade em descrever sintomas,conduta embotada,experiencia extracorporea,anestesia fisica,depressao,variavel,transtorno de despersonalizacao/desrealizacao
tristeza,lembranca recorrente,irritadico,flashbacks,perturbacao do sono,evento traumatico,< 1 mes,transtorno de estresse agudo
sofrimento intenso,recordacao intrusiva,retraimento social,nao especificado,perturbacoes do sono,condicoes medicas incapacitantes,> 2 semanas,transtorno depressivo maior
raiva,revivencia,irritadico,flashbacks,reatividade fisiologica,evento traumatico,> 2 meses,transtorno de estresse pos-traumatico
anestesia emocional,acreditar que esta enlouquecendo,conduta embotada,desrealizacao,perda de controle dos movimentos,uso de drogas ilicitas,variavel,transtorno de despersonalizacao/desrealizacao
apatia,ruminacao,automato,experiencia extracorporea,sintomas somaticos,ansiedade,variavel,transtorno de despersonalizacao/desrealizacao
disforia,indecisao,tentativa de suicidio,nao especificado,catatonia,evento traumatico,> 2 semanas,transtorno depressivo maior
emocoes positivas ausentes,dificuldade de concentracao,agressivo,despersonalizacao,resposta de sobressalto exagerada,transtorno mental anterior,< 1 mes,transtorno de estresse agudo
sofrimento prolongado,dificuldade de concentracao,evitativo,despersonalizacao,reatividade fisiologica,transtorno mental anterior,< 1 mes,transtorno de estresse agudo
irritacao,lembranca recorrente,agressivo,despersonalizacao,resposta de sobressalto exagerada,transtorno mental anterior,> 2 meses,transtorno de estresse pos-traumatico
medo de dano cerebral,dificuldade em descrever sintomas,automato,distorcoes visuais,anestesia fisica,traumas interpessoais na infancia,variavel,transtorno de despersonalizacao/desrealizacao
angustia generalizada,recordacao intrusiva,choro,nao especificado,perda de energia,transtornos subjacentes,> 2 semanas,transtorno depressivo maior
sentimentos de inutilidade,indecisao,tentativa de suicidio,nao especificado,perturbacoes psicomotoras,condicoes medicas cronicas,> 2 semanas,transtorno depressivo maior
inercia,preocupacao,robotico,distorcoes temporais,perda de controle da fala,evento traumatico,variavel,transtorno de despersonalizacao/desrealizacao
emocoes positivas ausentes,lembranca recorrente,agressivo,flashbacks,resposta de sobressalto exagerada,evento traumatico,< 1 mes,transtorno de estresse agudo
anedonia,ideias paranoides,automutilante,intrusao visual,reatividade fisiologica,evento traumatico,> 2 meses,transtorno de estresse pos-traumatico
raiva,revivencia,irritadico,flashbacks,reatividade fisiologica,evento traumatico,> 2 meses,transtorno de estresse pos-traumatico
medo de dano cerebral,preocupacao,automato,distorcoes visuais,perda de controle da fala,traumas interpessoais na infancia,variavel,transtorno de despersonalizacao/desrealizacao
culpa,lembranca recorrente,impulsivo,flashbacks,ataques de panico,evento traumatico,< 1 mes,transtorno de estresse agudo
apatia,ruminacao,automato,experiencia extracorporea,sintomas somaticos,ansiedade,variavel,transtorno de despersonalizacao/desrealizacao
disforia,ideacao suicida,tentativa de suicidio,nao especificado,perda de energia,perda significativa,> 2 semanas,transtorno depressivo maior
melancolia,dificuldade de concentracao,choro,nao especificado,catatonia,herdabilidade,> 2 semanas,transtorno depressivo maior
medo,pesadelos,evitativo,despersonalizacao,reatividade fisiologica,transtorno mental anterior,< 1 mes,transtorno de estresse agudo
medo,pesadelos,evitativo,despersonalizacao,reatividade fisiologica,transtorno mental anterior,< 1 mes,transtorno de estresse agudo
surtos de raiva,revivencia,impulsivo,desrealizacao,ataques de panico,neuroticismo,< 1 mes,transtorno de estresse agudo
hipoemotividade,ruminacao,automato,despersonalizacao,sintomas somaticos,ansiedade,variavel,transtorno de despersonalizacao/desrealizacao
medo,hipervigilancia,evitativo,flashbacks,reatividade fisiologica,evento traumatico,< 1 mes,transtorno de estresse agudo
medo de dano cerebral,acreditar que esta enlouquecendo,conduta embotada,distorcoes visuais,perda de controle dos movimentos,uso de drogas ilicitas,variavel,transtorno de despersonalizacao/desrealizacao
anestesia emocional,preocupacao,conduta embotada,desrealizacao,perda de controle da fala,depressao,variavel,transtorno de despersonalizacao/desrealizacao
horror,ideias paranoides,agressivo,pseudoalucinacoes auditivas,perturbacao do sono,estrategias de enfrentamento inapropriadas,> 2 meses,transtorno de estresse pos-traumatico
tristeza,amnesia dissociativa,irritadico,desrealizacao,perturbacao do sono,neuroticismo,< 1 mes,transtorno de estresse agudo
vergonha,revivencia,autodestrutivo,desrealizacao,perturbacao do sono,estrategias de enfrentamento inapropriadas,> 2 meses,transtorno de estresse pos-traumatico
medo de dano cerebral,acreditar que esta enlouquecendo,conduta embotada,distorcoes visuais,perda de controle dos movimentos,uso de drogas ilicitas,variavel,transtorno de despersonalizacao/desrealizacao
vergonha,preocupacao,evitativo,desrealizacao,perturbacao do sono,estrategias de enfrentamento inapropriadas,> 2 meses,transtorno de estresse pos-traumatico
irritacao,ideias paranoides,agressivo,despersonalizacao,resposta de sobressalto exagerada,transtorno mental anterior,> 2 meses,transtorno de estresse pos-traumatico
sofrimento intenso,cognicao erronea,autodestrutivo,flashbacks,reatividade fisiologica,evento traumatico,> 2 meses,transtorno de estresse pos-traumatico
raiva,cognicao erronea,irritadico,flashbacks,reatividade fisiologica,evento traumatico,> 2 meses,transtorno de estresse pos-traumatico
anedonia,pesadelos,agressivo,intrusao visual,reatividade fisiologica,evento traumatico,> 2 meses,transtorno de estresse pos-traumatico
medo,dificuldade de concentracao,imprudente,intrusao visual,reatividade fisiologica,evento traumatico,> 2 meses,transtorno de estresse pos-traumatico
reatividade emocional,dificuldade de concentracao,imprudente,despersonalizacao,sintomas pos-concussivos,transtorno mental anterior,< 1 mes,transtorno de estresse agudo
culpa,expectativa negativa,imprudente,despersonalizacao,resposta de sobressalto exagerada,transtorno mental anterior,> 2 meses,transtorno de estresse pos-traumatico
tristeza,dificuldade de concentracao,irritadico,despersonalizacao,perturbacao do sono,transtorno mental anterior,< 1 mes,transtorno de estresse agudo
insensibilidade,preocupacao,conduta embotada,distorcoes auditivas,perda de controle da fala,depressao,variavel,transtorno de despersonalizacao/desrealizacao
surtos de raiva,pesadelos,impulsivo,despersonalizacao,ataques de panico,transtorno mental anterior,< 1 mes,transtorno de estresse agudo
medo,pesadelos,evitativo,despersonalizacao,reatividade fisiologica,transtorno mental anterior,< 1 mes,transtorno de estresse agudo
tristeza,pensamentos recorrentes de morte,choro,nao especificado,catatonia,transtornos subjacentes,> 2 semanas,transtorno depressivo maior
humor deprimido,dificuldade para pensar,suicida,nao especificado,insonia,condicoes medicas cronicas,> 2 semanas,transtorno depressivo maior
sofrimento intenso,revivencia,irritadico,desrealizacao,perturbacao do sono,neuroticismo,< 1 mes,transtorno de estresse agudo
vergonha,preocupacao,autodestrutivo,desrealizacao,perturbacao do sono,estrategias de enfrentamento inapropriadas,> 2 meses,transtorno de estresse pos-traumatico
culpa,dificuldade de concentracao,imprudente,despersonalizacao,resposta de sobressalto exagerada,transtorno mental anterior,> 2 meses,transtorno de estresse pos-traumatico
anedonia,ruminacao,retraimento social,nao especificado,perturbacoes do sono,herdabilidade,> 2 semanas,transtorno depressivo maior
anestesia emocional,preocupacao,automato,desrealizacao,perda de controle da fala,traumas interpessoais na infancia,variavel,transtorno de despersonalizacao/desrealizacao
angustia generalizada,dificuldade para pensar,choro,nao especificado,perturbacoes psicomotoras,condicoes medicas cronicas,> 2 semanas,transtorno depressivo maior
insensibilidade,preocupacao,conduta embotada,distorcoes auditivas,perda de controle da fala,depressao,variavel,transtorno de despersonalizacao/desrealizacao
desespero,revivencia,evitativo,intrusao sensorial,resposta de sobressalto exagerada,transtorno mental anterior,> 2 meses,transtorno de estresse pos-traumatico
irritacao,ideias paranoides,agressivo,despersonalizacao,resposta de sobressalto exagerada,transtorno mental anterior,> 2 meses,transtorno de estresse pos-traumatico
sentimentos de desvalia,dificuldade para pensar,tentativa de suicidio,nao especificado,catatonia,condicoes medicas incapacitantes,> 2 semanas,transtorno depressivo maior
sofrimento prolongado,lembranca recorrente,evitativo,flashbacks,reatividade fisiologica,evento traumatico,< 1 mes,transtorno de estresse agudo
desespero,preocupacao,evitativo,intrusao sensorial,resposta de sobressalto exagerada,transtorno mental anterior,> 2 meses,transtorno de estresse pos-traumatico
sentimentos de desvalia,preocupacao,tentativa de suicidio,nao especificado,hipersonia,condicoes medicas incapacitantes,> 2 semanas,transtorno depressivo maior
reatividade emocional,dificuldade de concentracao,imprudente,despersonalizacao,sintomas pos-concussivos,transtorno mental anterior,< 1 mes,transtorno de estresse agudo
anestesia emocional,acreditar que esta enlouquecendo,conduta embotada,desrealizacao,perda de controle dos movimentos,uso de drogas ilicitas,variavel,transtorno de despersonalizacao/desrealizacao
sofrimento prolongado,amnesia dissociativa,evitativo,desrealizacao,reatividade fisiologica,neuroticismo,< 1 mes,transtorno de estresse agudo
reatividade emocional,amnesia dissociativa,imprudente,desrealizacao,sintomas pos-concussivos,neuroticismo,< 1 mes,transtorno de estresse agudo
surtos de raiva,pesadelos,impulsivo,despersonalizacao,ataques de panico,transtorno mental anterior,< 1 mes,transtorno de estresse agudo
raiva,hipervigilancia,agressivo,flashbacks,resposta de sobressalto exagerada,evento traumatico,< 1 mes,transtorno de estresse agudo
raiva,revivencia,agressivo,desrealizacao,resposta de sobressalto exagerada,neuroticismo,< 1 mes,transtorno de estresse agudo
sentimentos de desvalia,ideacao suicida,tentativa de suicidio,nao especificado,alteracoes no apetite,herdabilidade,> 2 semanas,transtorno depressivo maior
disforia,luto complicado,suicida,intrusao sensorial,resposta de sobressalto exagerada,transtorno mental anterior,> 2 meses,transtorno de estresse pos-traumatico
desesperanca,ideacao suicida,retraimento social,nao especificado,insonia,neuroticismo,> 2 semanas,transtorno depressivo maior
desespero,revivencia,autodestrutivo,intrusao sensorial,resposta de sobressalto exagerada,transtorno mental anterior,> 2 meses,transtorno de estresse pos-traumatico
culpa,ideias paranoides,reativo,despersonalizacao,resposta de sobressalto exagerada,transtorno mental anterior,> 2 meses,transtorno de estresse pos-traumatico
anedonia,perda de interesse,retraimento social,nao especificado,insonia,neuroticismo,> 2 semanas,transtorno depressivo maior
anedonia,dificuldade de concentracao,agressivo,intrusao visual,reatividade fisiologica,evento traumatico,> 2 meses,transtorno de estresse pos-traumatico
vergonha,pesadelos,imprudente,despersonalizacao,sintomas pos-concussivos,transtorno mental anterior,< 1 mes,transtorno de estresse agudo
reatividade emocional,lembranca recorrente,imprudente,flashbacks,sintomas pos-concussivos,evento traumatico,< 1 mes,transtorno de estresse agudo
surtos de raiva,revivencia,impulsivo,desrealizacao,ataques de panico,neuroticismo,< 1 mes,transtorno de estresse agudo
sofrimento intenso,hipervigilancia,irritadico,flashbacks,perturbacao do sono,evento traumatico,< 1 mes,transtorno de estresse agudo
autoaversao,dificuldade de concentracao,suicida,nao especificado,insonia,perda significativa,> 2 semanas,transtorno depressivo maior
irritacao,lembranca recorrente,automutilante,despersonalizacao,resposta de sobressalto exagerada,transtorno mental anterior,> 2 meses,transtorno de estresse pos-traumatico
inercia,ruminacao,automato,distorcoes temporais,sintomas somaticos,ansiedade,variavel,transtorno de despersonalizacao/desrealizacao
vergonha,revivencia,imprudente,desrealizacao,sintomas pos-concussivos,neuroticismo,< 1 mes,transtorno de estresse agudo
raiva,hipervigilancia,agressivo,flashbacks,resposta de sobressalto exagerada,evento traumatico,< 1 mes,transtorno de estresse agudo
raiva,revivencia,agressivo,desrealizacao,resposta de sobressalto exagerada,neuroticismo,< 1 mes,transtorno de estresse agudo
apatia,acreditar que esta enlouquecendo,automato,experiencia extracorporea,perda de controle dos movimentos,ansiedade,variavel,transtorno de despersonalizacao/desrealizacao
emocoes positivas ausentes,preocupacao,suicida,desrealizacao,perturbacao do sono,estrategias de enfrentamento inapropriadas,> 2 meses,transtorno de estresse pos-traumatico
surtos de raiva,pesadelos,impulsivo,despersonalizacao,ataques de panico,transtorno mental anterior,< 1 mes,transtorno de estresse agudo
culpa,amnesia dissociativa,impulsivo,desrealizacao,ataques de panico,neuroticismo,< 1 mes,transtorno de estresse agudo
sofrimento prolongado,lembranca recorrente,evitativo,flashbacks,reatividade fisiologica,evento traumatico,< 1 mes,transtorno de estresse agudo
raiva,hipervigilancia,agressivo,flashbacks,resposta de sobressalto exagerada,evento traumatico,< 1 mes,transtorno de estresse agudo
hipoemotividade,preocupacao,conduta embotada,despersonalizacao,perda de controle da fala,depressao,variavel,transtorno de despersonalizacao/desrealizacao
inercia,dificuldade em descrever sintomas,conduta embotada,distorcoes temporais,anestesia fisica,depressao,variavel,transtorno de despersonalizacao/desrealizacao
sofrimento intenso,pesadelos,irritadico,despersonalizacao,perturbacao do sono,transtorno mental anterior,< 1 mes,transtorno de estresse agudo
medo,dificuldade de concentracao,reativo,intrusao visual,reatividade fisiologica,evento traumatico,> 2 meses,transtorno de estresse pos-traumatico
reatividade emocional,dificuldade de concentracao,imprudente,despersonalizacao,sintomas pos-concussivos,transtorno mental anterior,< 1 mes,transtorno de estresse agudo
tristeza,lembranca recorrente,irritadico,flashbacks,perturbacao do sono,evento traumatico,< 1 mes,transtorno de estresse agudo
surtos de raiva,pesadelos,impulsivo,despersonalizacao,ataques de panico,transtorno mental anterior,< 1 mes,transtorno de estresse agudo
anedonia,dificuldade de concentracao,retraimento social,nao especificado,alteracoes de peso significativas,herdabilidade,> 2 semanas,transtorno depressivo maior
vergonha,revivencia,imprudente,desrealizacao,sintomas pos-concussivos,neuroticismo,< 1 mes,transtorno de estresse agudo
disforia,preocupacao,irritadico,intrusao sensorial,resposta de sobressalto exagerada,transtorno mental anterior,> 2 meses,transtorno de estresse pos-traumatico
medo,revivencia,evitativo,desrealizacao,reatividade fisiologica,neuroticismo,< 1 mes,transtorno de estresse agudo
sofrimento prolongado,lembranca recorrente,evitativo,flashbacks,reatividade fisiologica,evento traumatico,< 1 mes,transtorno de estresse agudo
sofrimento intenso,hipervigilancia,irritadico,flashbacks,perturbacao do sono,evento traumatico,< 1 mes,transtorno de estresse agudo
inercia,acreditar que esta enlouquecendo,conduta embotada,distorcoes temporais,perda de controle dos movimentos,uso de drogas ilicitas,variavel,transtorno de despersonalizacao/desrealizacao
sofrimento intenso,dificuldade em descrever sintomas,conduta embotada,alteracoes perceptuais,anestesia fisica,depressao,variavel,transtorno de despersonalizacao/desrealizacao
vergonha,luto complicado,evitativo,desrealizacao,perturbacao do sono,estrategias de enfrentamento inapropriadas,> 2 meses,transtorno de estresse pos-traumatico
sofrimento intenso,revivencia,irritadico,desrealizacao,perturbacao do sono,neuroticismo,< 1 mes,transtorno de estresse agudo
anestesia emocional,dificuldade em descrever sintomas,automato,desrealizacao,anestesia fisica,traumas interpessoais na infancia,variavel,transtorno de despersonalizacao/desrealizacao
culpa,dificuldade de concentracao,reativo,despersonalizacao,resposta de sobressalto exagerada,transtorno mental anterior,> 2 meses,transtorno de estresse pos-traumatico
anestesia emocional,dificuldade em descrever sintomas,conduta embotada,desrealizacao,anestesia fisica,depressao,variavel,transtorno de despersonalizacao/desrealizacao
hipoemotividade,acreditar que esta enlouquecendo,conduta embotada,despersonalizacao,perda de controle dos movimentos,uso de drogas ilicitas,variavel,transtorno de despersonalizacao/desrealizacao
insensibilidade,dificuldade em descrever sintomas,robotico,distorcoes auditivas,anestesia fisica,evento traumatico,variavel,transtorno de despersonalizacao/desrealizacao
disforia,revivencia,suicida,intrusao sensorial,resposta de sobressalto exagerada,transtorno mental anterior,> 2 meses,transtorno de estresse pos-traumatico
sofrimento intenso,ruminacao,robotico,alteracoes perceptuais,sintomas somaticos,ataques de panico,variavel,transtorno de despersonalizacao/desrealizacao
sentimentos de desvalia,dificuldade para pensar,tentativa de suicidio,nao especificado,perturbacoes psicomotoras,herdabilidade,> 2 semanas,transtorno depressivo maior
raiva,revivencia,irritadico,flashbacks,reatividade fisiologica,evento traumatico,> 2 meses,transtorno de estresse pos-traumatico
sofrimento intenso,pesadelos,irritadico,despersonalizacao,perturbacao do sono,transtorno mental anterior,< 1 mes,transtorno de estresse agudo
anestesia emocional,dificuldade em descrever sintomas,conduta embotada,desrealizacao,anestesia fisica,depressao,variavel,transtorno de despersonalizacao/desrealizacao
surtos de raiva,pesadelos,impulsivo,despersonalizacao,ataques de panico,transtorno mental anterior,< 1 mes,transtorno de estresse agudo
sentimentos de inutilidade,plano suicida,tentativa de suicidio,nao especificado,hipersonia,condicoes medicas cronicas,> 2 semanas,transtorno depressivo maior
sofrimento intenso,hipervigilancia,irritadico,flashbacks,perturbacao do sono,evento traumatico,< 1 mes,transtorno de estresse agudo
vergonha,pesadelos,imprudente,despersonalizacao,sintomas pos-concussivos,transtorno mental anterior,< 1 mes,transtorno de estresse agudo
hipoemotividade,ruminacao,conduta embotada,despersonalizacao,sintomas somaticos,uso de drogas ilicitas,variavel,transtorno de despersonalizacao/desrealizacao
sofrimento intenso,plano suicida,retraimento social,nao especificado,sintomas somaticos,condicoes medicas incapacitantes,> 2 semanas,transtorno depressivo maior
surtos de raiva,hipervigilancia,impulsivo,flashbacks,ataques de panico,evento traumatico,< 1 mes,transtorno de estresse agudo
desesperanca,ruminacao,retraimento social,nao especificado,fadiga persistente,herdabilidade,> 2 semanas,transtorno depressivo maior
sofrimento prolongado,expectativa negativa,imprudente,pseudoalucinacoes auditivas,perturbacao do sono,estrategias de enfrentamento inapropriadas,> 2 meses,transtorno de estresse pos-traumatico
vergonha,hipervigilancia,imprudente,flashbacks,sintomas pos-concussivos,evento traumatico,< 1 mes,transtorno de estresse agudo
sofrimento intenso,ruminacao,retraimento social,nao especificado,sintomas somaticos,condicoes medicas cronicas,> 2 semanas,transtorno depressivo maior
sofrimento prolongado,dificuldade de concentracao,evitativo,despersonalizacao,reatividade fisiologica,transtorno mental anterior,< 1 mes,transtorno de estresse agudo
medo de dano cerebral,acreditar que esta enlouquecendo,conduta embotada,distorcoes visuais,perda de controle dos movimentos,uso de drogas ilicitas,variavel,transtorno de despersonalizacao/desrealizacao
autoaversao,indecisao,suicida,nao especificado,sintomas somaticos,transtornos subjacentes,> 2 semanas,transtorno depressivo maior
desesperanca,pensamentos recorrentes de morte,retraimento social,nao especificado,fadiga persistente,condicoes medicas incapacitantes,> 2 semanas,transtorno depressivo maior
anestesia emocional,preocupacao,conduta embotada,desrealizacao,perda de controle da fala,depressao,variavel,transtorno de despersonalizacao/desrealizacao
emocoes positivas ausentes,dificuldade de concentracao,agressivo,despersonalizacao,resposta de sobressalto exagerada,transtorno mental anterior,< 1 mes,transtorno de estresse agudo
anestesia emocional,acreditar que esta enlouquecendo,robotico,desrealizacao,perda de controle dos movimentos,ataques de panico,variavel,transtorno de despersonalizacao/desrealizacao
sofrimento prolongado,lembranca recorrente,imprudente,pseudoalucinacoes auditivas,perturbacao do sono,estrategias de enfrentamento inapropriadas,> 2 meses,transtorno de estresse pos-traumatico
autoaversao,recordacao intrusiva,suicida,nao especificado,insonia,transtornos subjacentes,> 2 semanas,transtorno depressivo maior
medo,hipervigilancia,evitativo,flashbacks,reatividade fisiologica,evento traumatico,< 1 mes,transtorno de estresse agudo
sofrimento prolongado,lembranca recorrente,reativo,pseudoalucinacoes auditivas,perturbacao do sono,estrategias de enfrentamento inapropriadas,> 2 meses,transtorno de estresse pos-traumatico
sofrimento intenso,dificuldade para pensar,retraimento social,nao especificado,sintomas somaticos,neuroticismo,> 2 semanas,transtorno depressivo maior
vergonha,hipervigilancia,imprudente,flashbacks,sintomas pos-concussivos,evento traumatico,< 1 mes,transtorno de estresse agudo
raiva,revivencia,agressivo,desrealizacao,resposta de sobressalto exagerada,neuroticismo,< 1 mes,transtorno de estresse agudo
emocoes positivas ausentes,luto complicado,suicida,desrealizacao,perturbacao do sono,estrategias de enfrentamento inapropriadas,> 2 meses,transtorno de estresse pos-traumatico
inercia,preocupacao,robotico,distorcoes temporais,perda de controle da fala,evento traumatico,variavel,transtorno de despersonalizacao/desrealizacao
sentimentos de desvalia,dificuldade de concentracao,tentativa de suicidio,nao especificado,hipersonia,herdabilidade,> 2 semanas,transtorno depressivo maior
disforia,preocupacao,tentativa de suicidio,nao especificado,catatonia,transtornos subjacentes,> 2 semanas,transtorno depressivo maior
reatividade emocional,lembranca recorrente,imprudente,flashbacks,sintomas pos-concussivos,evento traumatico,< 1 mes,transtorno de estresse agudo
angustia generalizada,dificuldade para pensar,choro,nao especificado,hipersonia,condicoes medicas incapacitantes,> 2 semanas,transtorno depressivo maior
sofrimento prolongado,amnesia dissociativa,evitativo,desrealizacao,reatividade fisiologica,neuroticismo,< 1 mes,transtorno de estresse agudo
anestesia emocional,preocupacao,automato,desrealizacao,perda de controle da fala,traumas interpessoais na infancia,variavel,transtorno de despersonalizacao/desrealizacao
insensibilidade,ruminacao,robotico,distorcoes auditivas,sintomas somaticos,ataques de panico,variavel,transtorno de despersonalizacao/desrealizacao
tristeza,amnesia dissociativa,irritadico,desrealizacao,perturbacao do sono,neuroticismo,< 1 mes,transtorno de estresse agudo
tristeza,recordacao intrusiva,choro,nao especificado,alteracoes no apetite,condicoes medicas incapacitantes,> 2 semanas,transtorno depressivo maior
irritacao,dificuldade de concentracao,automutilante,despersonalizacao,resposta de sobressalto exagerada,transtorno mental anterior,> 2 meses,transtorno de estresse pos-traumatico
melancolia,preocupacao,choro,nao especificado,alteracoes no apetite,condicoes medicas cronicas,> 2 semanas,transtorno depressivo maior
culpa,pesadelos,reativo,despersonalizacao,resposta de sobressalto exagerada,transtorno mental anterior,> 2 meses,transtorno de estresse pos-traumatico
medo,lembranca recorrente,reativo,intrusao visual,reatividade fisiologica,evento traumatico,> 2 meses,transtorno de estresse pos-traumatico
medo,ideias paranoides,imprudente,intrusao visual,reatividade fisiologica,evento traumatico,> 2 meses,transtorno de estresse pos-traumatico
anedonia,dificuldade de concentracao,agressivo,intrusao visual,reatividade fisiologica,evento traumatico,> 2 meses,transtorno de estresse pos-traumatico
anestesia emocional,dificuldade em descrever sintomas,robotico,desrealizacao,anestesia fisica,evento traumatico,variavel,transtorno de despersonalizacao/desrealizacao
sofrimento intenso,hipervigilancia,irritadico,flashbacks,perturbacao do sono,evento traumatico,< 1 mes,transtorno de estresse agudo
horror,dificuldade de concentracao,agressivo,pseudoalucinacoes auditivas,perturbacao do sono,estrategias de enfrentamento inapropriadas,> 2 meses,transtorno de estresse pos-traumatico
medo de dano cerebral,dificuldade em descrever sintomas,robotico,distorcoes visuais,anestesia fisica,evento traumatico,variavel,transtorno de despersonalizacao/desrealizacao
apatia,ruminacao,robotico,experiencia extracorporea,sintomas somaticos,ataques de panico,variavel,transtorno de despersonalizacao/desrealizacao
sofrimento intenso,pesadelos,irritadico,despersonalizacao,perturbacao do sono,transtorno mental anterior,< 1 mes,transtorno de estresse agudo
sentimentos de inutilidade,perda de interesse,tentativa de suicidio,nao especificado,alteracoes no apetite,herdabilidade,> 2 semanas,transtorno depressivo maior
medo de dano cerebral,preocupacao,robotico,distorcoes visuais,perda de controle da fala,evento traumatico,variavel,transtorno de despersonalizacao/desrealizacao
sofrimento prolongado,dificuldade de concentracao,evitativo,despersonalizacao,reatividade fisiologica,transtorno mental anterior,< 1 mes,transtorno de estresse agudo
anestesia emocional,acreditar que esta enlouquecendo,robotico,desrealizacao,perda de controle dos movimentos,ataques de panico,variavel,transtorno de despersonalizacao/desrealizacao
sofrimento prolongado,dificuldade de concentracao,evitativo,despersonalizacao,reatividade fisiologica,transtorno mental anterior,< 1 mes,transtorno de estresse agudo
desespero,amnesia dissociativa,autodestrutivo,intrusao sensorial,resposta de sobressalto exagerada,transtorno mental anterior,> 2 meses,transtorno de estresse pos-traumatico
anedonia,lembranca recorrente,agressivo,intrusao visual,reatividade fisiologica,evento traumatico,> 2 meses,transtorno de estresse pos-traumatico
vergonha,cognicao erronea,evitativo,desrealizacao,perturbacao do sono,estrategias de enfrentamento inapropriadas,> 2 meses,transtorno de estresse pos-traumatico
sentimentos de desvalia,recordacao intrusiva,tentativa de suicidio,nao especificado,catatonia,perda significativa,> 2 semanas,transtorno depressivo maior
inercia,acreditar que esta enlouquecendo,conduta embotada,distorcoes temporais,perda de controle dos movimentos,uso de drogas ilicitas,variavel,transtorno de despersonalizacao/desrealizacao
sofrimento intenso,plano suicida,retraimento social,nao especificado,alteracoes de peso significativas,condicoes medicas cronicas,> 2 semanas,transtorno depressivo maior
emocoes positivas ausentes,lembranca recorrente,agressivo,flashbacks,resposta de sobressalto exagerada,evento traumatico,< 1 mes,transtorno de estresse agudo
insensibilidade,dificuldade em descrever sintomas,conduta embotada,distorcoes auditivas,anestesia fisica,depressao,variavel,transtorno de despersonalizacao/desrealizacao
sofrimento prolongado,ideias paranoides,reativo,pseudoalucinacoes auditivas,perturbacao do sono,estrategias de enfrentamento inapropriadas,> 2 meses,transtorno de estresse pos-traumatico
raiva,revivencia,agressivo,desrealizacao,resposta de sobressalto exagerada,neuroticismo,< 1 mes,transtorno de estresse agudo
hipoemotividade,acreditar que esta enlouquecendo,automato,despersonalizacao,perda de controle dos movimentos,ansiedade,variavel,transtorno de despersonalizacao/desrealizacao
medo,ideias paranoides,reativo,intrusao visual,reatividade fisiologica,evento traumatico,> 2 meses,transtorno de estresse pos-traumatico
sentimentos de desvalia,plano suicida,tentativa de suicidio,nao especificado,catatonia,herdabilidade,> 2 semanas,transtorno depressivo maior
tristeza,preocupacao,choro,nao especificado,perda de energia,herdabilidade,> 2 semanas,transtorno depressivo maior
sofrimento prolongado,dificuldade de concentracao,evitativo,despersonalizacao,reatividade fisiologica,transtorno mental anterior,< 1 mes,transtorno de estresse agudo
apatia,acreditar que esta enlouquecendo,automato,experiencia extracorporea,perda de controle dos movimentos,ansiedade,variavel,transtorno de despersonalizacao/desrealizacao
raiva,hipervigilancia,agressivo,flashbacks,resposta de sobressalto exagerada,evento traumatico,< 1 mes,transtorno de estresse agudo
vergonha,cognicao erronea,evitativo,desrealizacao,perturbacao do sono,estrategias de enfrentamento inapropriadas,> 2 meses,transtorno de estresse pos-traumatico
insensibilidade,preocupacao,automato,distorcoes auditivas,perda de controle da fala,traumas interpessoais na infancia,variavel,transtorno de despersonalizacao/desrealizacao
sentimentos de desvalia,problemas de memoria,tentativa de suicidio,nao especificado,catatonia,neuroticismo,> 2 semanas,transtorno depressivo maior
apatia,dificuldade em descrever sintomas,automato,experiencia extracorporea,anestesia fisica,traumas interpessoais na infancia,variavel,transtorno de despersonalizacao/desrealizacao
hipoemotividade,ruminacao,automato,despersonalizacao,sintomas somaticos,ansiedade,variavel,transtorno de despersonalizacao/desrealizacao
apatia,acreditar que esta enlouquecendo,robotico,experiencia extracorporea,perda de controle dos movimentos,ataques de panico,variavel,transtorno de despersonalizacao/desrealizacao
sentimentos de inutilidade,ruminacao,tentativa de suicidio,nao especificado,alteracoes no apetite,condicoes medicas cronicas,> 2 semanas,transtorno depressivo maior
apatia,dificuldade em descrever sintomas,conduta embotada,experiencia extracorporea,anestesia fisica,depressao,variavel,transtorno de despersonalizacao/desrealizacao
insensibilidade,preocupacao,automato,distorcoes auditivas,perda de controle da fala,traumas interpessoais na infancia,variavel,transtorno de despersonalizacao/desrealizacao
culpa,dificuldade de concentracao,reativo,despersonalizacao,resposta de sobressalto exagerada,transtorno mental anterior,> 2 meses,transtorno de estresse pos-traumatico
angustia generalizada,recordacao intrusiva,choro,nao especificado,alteracoes no apetite,neuroticismo,> 2 semanas,transtorno depressivo maior
sofrimento prolongado,pesadelos,reativo,pseudoalucinacoes auditivas,perturbacao do sono,estrategias de enfrentamento inapropriadas,> 2 meses,transtorno de estresse pos-traumatico
insensibilidade,preocupacao,automato,distorcoes auditivas,perda de controle da fala,traumas interpessoais na infancia,variavel,transtorno de despersonalizacao/desrealizacao
anestesia emocional,ruminacao,conduta embotada,desrealizacao,sintomas somaticos,uso de drogas ilicitas,variavel,transtorno de despersonalizacao/desrealizacao
humor deprimido,pensamentos recorrentes de morte,suicida,nao especificado,sintomas somaticos,condicoes medicas incapacitantes,> 2 semanas,transtorno depressivo maior
disforia,perda de interesse,tentativa de suicidio,nao especificado,perturbacoes psicomotoras,condicoes medicas cronicas,> 2 semanas,transtorno depressivo maior
inercia,preocupacao,robotico,distorcoes temporais,perda de controle da fala,evento traumatico,variavel,transtorno de despersonalizacao/desrealizacao
sofrimento intenso,ruminacao,robotico,alteracoes perceptuais,sintomas somaticos,ataques de panico,variavel,transtorno de despersonalizacao/desrealizacao
humor deprimido,preocupacao,suicida,nao especificado,perturbacoes do sono,condicoes medicas incapacitantes,> 2 semanas,transtorno depressivo maior
vergonha,revivencia,imprudente,desrealizacao,sintomas pos-concussivos,neuroticismo,< 1 mes,transtorno de estresse agudo
tristeza,indecisao,choro,nao especificado,hipersonia,herdabilidade,> 2 semanas,transtorno depressivo maior
anestesia emocional,dificuldade em descrever sintomas,automato,desrealizacao,anestesia fisica,traumas interpessoais na infancia,variavel,transtorno de despersonalizacao/desrealizacao
sofrimento intenso,ruminacao,conduta embotada,alteracoes perceptuais,sintomas somaticos,uso de drogas ilicitas,variavel,transtorno de despersonalizacao/desrealizacao
anestesia emocional,preocupacao,robotico,desrealizacao,perda de controle da fala,evento traumatico,variavel,transtorno de despersonalizacao/desrealizacao
tristeza,dificuldade para pensar,choro,nao especificado,perda de energia,perda significativa,> 2 semanas,transtorno depressivo maior
tristeza,lembranca recorrente,irritadico,flashbacks,perturbacao do sono,evento traumatico,< 1 mes,transtorno de estresse agudo
anedonia,pensamentos recorrentes de morte,retraimento social,nao especificado,alteracoes de peso significativas,perda significativa,> 2 semanas,transtorno depressivo maior
anedonia,dificuldade de concentracao,automutilante,intrusao visual,reatividade fisiologica,evento traumatico,> 2 meses,transtorno de estresse pos-traumatico
sentimentos de desvalia,problemas de memoria,tentativa de suicidio,nao especificado,alteracoes no apetite,perda significativa,> 2 semanas,transtorno depressivo maior
culpa delirante,problemas de memoria,suicida,nao especificado,sintomas somaticos,condicoes medicas incapacitantes,> 2 semanas,transtorno depressivo maior
apatia,preocupacao,conduta embotada,experiencia extracorporea,perda de controle da fala,depressao,variavel,transtorno de despersonalizacao/desrealizacao
irritacao,pesadelos,agressivo,despersonalizacao,resposta de sobressalto exagerada,transtorno mental anterior,> 2 meses,transtorno de estresse pos-traumatico
anedonia,dificuldade de concentracao,agressivo,intrusao visual,reatividade fisiologica,evento traumatico,> 2 meses,transtorno de estresse pos-traumatico
hipoemotividade,ruminacao,conduta embotada,despersonalizacao,sintomas somaticos,uso de drogas ilicitas,variavel,transtorno de despersonalizacao/desrealizacao
raiva,pesadelos,agressivo,despersonalizacao,resposta de sobressalto exagerada,transtorno mental anterior,< 1 mes,transtorno de estresse agudo
sofrimento intenso,ruminacao,conduta embotada,alteracoes perceptuais,sintomas somaticos,uso de drogas ilicitas,variavel,transtorno de despersonalizacao/desrealizacao
sofrimento intenso,cognicao erronea,autodestrutivo,flashbacks,reatividade fisiologica,evento traumatico,> 2 meses,transtorno de estresse pos-traumatico
tristeza,dificuldade de concentracao,irritadico,despersonalizacao,perturbacao do sono,transtorno mental anterior,< 1 mes,transtorno de estresse agudo
autoaversao,plano suicida,suicida,nao especificado,alteracoes de peso significativas,evento traumatico,> 2 semanas,transtorno depressivo maior
melancolia,plano suicida,choro,nao especificado,perda de energia,neuroticismo,> 2 semanas,transtorno depressivo maior
disforia,ruminacao,tentativa de suicidio,nao especificado,perturbacoes psicomotoras,evento traumatico,> 2 semanas,transtorno depressivo maior
raiva,pesadelos,agressivo,despersonalizacao,resposta de sobressalto exagerada,transtorno mental anterior,< 1 mes,transtorno de estresse agudo
horror,ideias paranoides,automutilante,pseudoalucinacoes auditivas,perturbacao do sono,estrategias de enfrentamento inapropriadas,> 2 meses,transtorno de estresse pos-traumatico
angustia generalizada,pensamentos recorrentes de morte,choro,nao especificado,perda de energia,perda significativa,> 2 semanas,transtorno depressivo maior
reatividade emocional,lembranca recorrente,imprudente,flashbacks,sintomas pos-concussivos,evento traumatico,< 1 mes,transtorno de estresse agudo
culpa,pesadelos,imprudente,despersonalizacao,resposta de sobressalto exagerada,transtorno mental anterior,> 2 meses,transtorno de estresse pos-traumatico
desespero,preocupacao,autodestrutivo,intrusao sensorial,resposta de sobressalto exagerada,transtorno mental anterior,> 2 meses,transtorno de estresse pos-traumatico
autoaversao,plano suicida,suicida,nao especificado,insonia,condicoes medicas incapacitantes,> 2 semanas,transtorno depressivo maior
apatia,dificuldade em descrever sintomas,robotico,experiencia extracorporea,anestesia fisica,evento traumatico,variavel,transtorno de despersonalizacao/desrealizacao
angustia generalizada,plano suicida,choro,nao especificado,catatonia,condicoes medicas cronicas,> 2 semanas,transtorno depressivo maior
hipoemotividade,dificuldade em descrever sintomas,conduta embotada,despersonalizacao,anestesia fisica,depressao,variavel,transtorno de despersonalizacao/desrealizacao
irritacao,pesadelos,agressivo,despersonalizacao,resposta de sobressalto exagerada,transtorno mental anterior,> 2 meses,transtorno de estresse pos-traumatico
anestesia emocional,ruminacao,robotico,desrealizacao,sintomas somaticos,ataques de panico,variavel,transtorno de despersonalizacao/desrealizacao
anedonia,ruminacao,retraimento social,nao especificado,alteracoes de peso significativas,condicoes medicas cronicas,> 2 semanas,transtorno depressivo maior
medo,lembranca recorrente,imprudente,intrusao visual,reatividade fisiologica,evento traumatico,> 2 meses,transtorno de estresse pos-traumatico
anedonia,pensamentos recorrentes de morte,retraimento social,nao especificado,perturbacoes do sono,condicoes medicas incapacitantes,> 2 semanas,transtorno depressivo maior
disforia,revivencia,suicida,intrusao sensorial,resposta de sobressalto exagerada,transtorno mental anterior,> 2 meses,transtorno de estresse pos-traumatico
anestesia emocional,preocupacao,robotico,desrealizacao,perda de controle da fala,evento traumatico,variavel,transtorno de despersonalizacao/desrealizacao
autoaversao,ideacao suicida,suicida,nao especificado,insonia,evento traumatico,> 2 semanas,transtorno depressivo maior
emocoes positivas ausentes,amnesia dissociativa,irritadico,desrealizacao,perturbacao do sono,estrategias de enfrentamento inapropriadas,> 2 meses,transtorno de estresse pos-traumatico
raiva,luto complicado,suicida,flashbacks,reatividade fisiologica,evento traumatico,> 2 meses,transtorno de estresse pos-traumatico
desesperanca,ideacao suicida,retraimento social,nao especificado,alteracoes de peso significativas,herdabilidade,> 2 semanas,transtorno depressivo maior
anestesia emocional,dificuldade em descrever sintomas,robotico,desrealizacao,anestesia fisica,evento traumatico,variavel,transtorno de despersonalizacao/desrealizacao
medo,ideias paranoides,reativo,intrusao visual,reatividade fisiologica,evento traumatico,> 2 meses,transtorno de estresse pos-traumatico
sofrimento intenso,preocupacao,evitativo,flashbacks,reatividade fisiologica,evento traumatico,> 2 meses,transtorno de estresse pos-traumatico
inercia,dificuldade em descrever sintomas,robotico,distorcoes temporais,anestesia fisica,evento traumatico,variavel,transtorno de despersonalizacao/desrealizacao
vergonha,hipervigilancia,imprudente,flashbacks,sintomas pos-concussivos,evento traumatico,< 1 mes,transtorno de estresse agudo
inercia,preocupacao,conduta embotada,distorcoes temporais,perda de controle da fala,depressao,variavel,transtorno de despersonalizacao/desrealizacao
culpa,dificuldade de concentracao,reativo,despersonalizacao,resposta de sobressalto exagerada,transtorno mental anterior,> 2 meses,transtorno de estresse pos-traumatico
raiva,luto complicado,suicida,flashbacks,reatividade fisiologica,evento traumatico,> 2 meses,transtorno de estresse pos-traumatico
emocoes positivas ausentes,preocupacao,suicida,desrealizacao,perturbacao do sono,estrategias de enfrentamento inapropriadas,> 2 meses,transtorno de estresse pos-traumatico
culpa,pesadelos,reativo,despersonalizacao,resposta de sobressalto exagerada,transtorno mental anterior,> 2 meses,transtorno de estresse pos-traumatico
culpa delirante,dificuldade de concentracao,suicida,nao especificado,alteracoes de peso significativas,perda significativa,> 2 semanas,transtorno depressivo maior
sofrimento intenso,pesadelos,irritadico,despersonalizacao,perturbacao do sono,transtorno mental anterior,< 1 mes,transtorno de estresse agudo
sofrimento prolongado,ideias paranoides,reativo,pseudoalucinacoes auditivas,perturbacao do sono,estrategias de enfrentamento inapropriadas,> 2 meses,transtorno de estresse pos-traumatico
horror,ideias paranoides,automutilante,pseudoalucinacoes auditivas,perturbacao do sono,estrategias de enfrentamento inapropriadas,> 2 meses,transtorno de estresse pos-traumatico
emocoes positivas ausentes,lembranca recorrente,agressivo,flashbacks,resposta de sobressalto exagerada,evento traumatico,< 1 mes,transtorno de estresse agudo
sofrimento prolongado,pesadelos,imprudente,pseudoalucinacoes auditivas,perturbacao do sono,estrategias de enfrentamento inapropriadas,> 2 meses,transtorno de estresse pos-traumatico
culpa delirante,plano suicida,suicida,nao especificado,fadiga persistente,perda significativa,> 2 semanas,transtorno depressivo maior
tristeza,dificuldade de concentracao,irritadico,despersonalizacao,perturbacao do sono,transtorno mental anterior,< 1 mes,transtorno de estresse agudo
inercia,preocupacao,conduta embotada,distorcoes temporais,perda de controle da fala,depressao,variavel,transtorno de despersonalizacao/desrealizacao
anedonia,expectativa negativa,automutilante,intrusao visual,reatividade fisiologica,evento traumatico,> 2 meses,transtorno de estresse pos-traumatico
humor deprimido,ideacao suicida,suicida,nao especificado,alteracoes de peso significativas,transtornos subjacentes,> 2 semanas,transtorno depressivo maior
inercia,acreditar que esta enlouquecendo,automato,distorcoes temporais,perda de controle dos movimentos,ansiedade,variavel,transtorno de despersonalizacao/desrealizacao
hipoemotividade,acreditar que esta enlouquecendo,conduta embotada,despersonalizacao,perda de controle dos movimentos,uso de drogas ilicitas,variavel,transtorno de despersonalizacao/desrealizacao
horror,lembranca recorrente,agressivo,pseudoalucinacoes auditivas,perturbacao do sono,estrategias de enfrentamento inapropriadas,> 2 meses,transtorno de estresse pos-traumatico
raiva,cognicao erronea,suicida,flashbacks,reatividade fisiologica,evento traumatico,> 2 meses,transtorno de estresse pos-traumatico
culpa,pesadelos,reativo,despersonalizacao,resposta de sobressalto exagerada,transtorno mental anterior,> 2 meses,transtorno de estresse pos-traumatico
humor deprimido,perda de interesse,suicida,nao especificado,alteracoes de peso significativas,evento traumatico,> 2 semanas,transtorno depressivo maior
hipoemotividade,acreditar que esta enlouquecendo,robotico,despersonalizacao,perda de controle dos movimentos,ataques de panico,variavel,transtorno de despersonalizacao/desrealizacao
emocoes positivas ausentes,dificuldade de concentracao,agressivo,despersonalizacao,resposta de sobressalto exagerada,transtorno mental anterior,< 1 mes,transtorno de estresse agudo
culpa,ideias paranoides,imprudente,despersonalizacao,resposta de sobressalto exagerada,transtorno mental anterior,> 2 meses,transtorno de estresse pos-traumatico
culpa delirante,plano suicida,suicida,nao especificado,insonia,herdabilidade,> 2 semanas,transtorno depressivo maior
sofrimento prolongado,lembranca recorrente,evitativo,flashbacks,reatividade fisiologica,evento traumatico,< 1 mes,transtorno de estresse agudo
sofrimento intenso,preocupacao,autodestrutivo,flashbacks,reatividade fisiologica,evento traumatico,> 2 meses,transtorno de estresse pos-traumatico
sofrimento intenso,luto complicado,autodestrutivo,flashbacks,reatividade fisiologica,evento traumatico,> 2 meses,transtorno de estresse pos-traumatico
melancolia,dificuldade de concentracao,choro,nao especificado,hipersonia,perda significativa,> 2 semanas,transtorno depressivo maior
humor deprimido,dificuldade de concentracao,suicida,nao especificado,perturbacoes do sono,herdabilidade,> 2 semanas,transtorno depressivo maior
raiva,hipervigilancia,agressivo,flashbacks,resposta de sobressalto exagerada,evento traumatico,< 1 mes,transtorno de estresse agudo
anedonia,expectativa negativa,automutilante,intrusao visual,reatividade fisiologica,evento traumatico,> 2 meses,transtorno de estresse pos-traumatico
desespero,luto complicado,autodestrutivo,intrusao sensorial,resposta de sobressalto exagerada,transtorno mental anterior,> 2 meses,transtorno de estresse pos-traumatico
emocoes positivas ausentes,cognicao erronea,suicida,desrealizacao,perturbacao do sono,estrategias de enfrentamento inapropriadas,> 2 meses,transtorno de estresse pos-traumatico
reatividade emocional,dificuldade de concentracao,imprudente,despersonalizacao,sintomas pos-concussivos,transtorno mental anterior,< 1 mes,transtorno de estresse agudo
sentimentos de desvalia,recordacao intrusiva,tentativa de suicidio,nao especificado,alteracoes no apetite,evento traumatico,> 2 semanas,transtorno depressivo maior
raiva,pesadelos,agressivo,despersonalizacao,resposta de sobressalto exagerada,transtorno mental anterior,< 1 mes,transtorno de estresse agudo
sentimentos de inutilidade,perda de interesse,tentativa de suicidio,nao especificado,perda de energia,evento traumatico,> 2 semanas,transtorno depressivo maior
hipoemotividade,acreditar que esta enlouquecendo,conduta embotada,despersonalizacao,perda de controle dos movimentos,uso de drogas ilicitas,variavel,transtorno de despersonalizacao/desrealizacao
insensibilidade,preocupacao,conduta embotada,distorcoes auditivas,perda de controle da fala,depressao,variavel,transtorno de despersonalizacao/desrealizacao
inercia,dificuldade em descrever sintomas,conduta embotada,distorcoes temporais,anestesia fisica,depressao,variavel,transtorno de despersonalizacao/desrealizacao
apatia,preocupacao,conduta embotada,experiencia extracorporea,perda de controle da fala,depressao,variavel,transtorno de despersonalizacao/desrealizacao
raiva,luto complicado,irritadico,flashbacks,reatividade fisiologica,evento traumatico,> 2 meses,transtorno de estresse pos-traumatico
irritacao,lembranca recorrente,automutilante,despersonalizacao,resposta de sobressalto exagerada,transtorno mental anterior,> 2 meses,transtorno de estresse pos-traumatico
sofrimento prolongado,dificuldade de concentracao,reativo,pseudoalucinacoes auditivas,perturbacao do sono,estrategias de enfrentamento inapropriadas,> 2 meses,transtorno de estresse pos-traumatico
medo,pesadelos,reativo,intrusao visual,reatividade fisiologica,evento traumatico,> 2 meses,transtorno de estresse pos-traumatico
emocoes positivas ausentes,lembranca recorrente,agressivo,flashbacks,resposta de sobressalto exagerada,evento traumatico,< 1 mes,transtorno de estresse agudo
angustia generalizada,problemas de memoria,choro,nao especificado,alteracoes no apetite,herdabilidade,> 2 semanas,transtorno depressivo maior
raiva,cognicao erronea,suicida,flashbacks,reatividade fisiologica,evento traumatico,> 2 meses,transtorno de estresse pos-traumatico
raiva,hipervigilancia,agressivo,flashbacks,resposta de sobressalto exagerada,evento traumatico,< 1 mes,transtorno de estresse agudo
culpa delirante,problemas de memoria,suicida,nao especificado,perturbacoes do sono,perda significativa,> 2 semanas,transtorno depressivo maior
culpa,pesadelos,reativo,despersonalizacao,resposta de sobressalto exagerada,transtorno mental anterior,> 2 meses,transtorno de estresse pos-traumatico
medo de dano cerebral,preocupacao,conduta embotada,distorcoes visuais,perda de controle da fala,depressao,variavel,transtorno de despersonalizacao/desrealizacao
raiva,amnesia dissociativa,irritadico,flashbacks,reatividade fisiologica,evento traumatico,> 2 meses,transtorno de estresse pos-traumatico
hipoemotividade,ruminacao,conduta embotada,despersonalizacao,sintomas somaticos,uso de drogas ilicitas,variavel,transtorno de despersonalizacao/desrealizacao
horror,expectativa negativa,automutilante,pseudoalucinacoes auditivas,perturbacao do sono,estrategias de enfrentamento inapropriadas,> 2 meses,transtorno de estresse pos-traumatico
culpa,lembranca recorrente,impulsivo,flashbacks,ataques de panico,evento traumatico,< 1 mes,transtorno de estresse agudo
hipoemotividade,ruminacao,automato,despersonalizacao,sintomas somaticos,ansiedade,variavel,transtorno de despersonalizacao/desrealizacao
angustia generalizada,preocupacao,choro,nao especificado,catatonia,condicoes medicas cronicas,> 2 semanas,transtorno depressivo maior
sofrimento intenso,ruminacao,automato,alteracoes perceptuais,sintomas somaticos,ansiedade,variavel,transtorno de despersonalizacao/desrealizacao
tristeza,dificuldade de concentracao,choro,nao especificado,catatonia,condicoes medicas incapacitantes,> 2 semanas,transtorno depressivo maior
reatividade emocional,amnesia dissociativa,imprudente,desrealizacao,sintomas pos-concussivos,neuroticismo,< 1 mes,transtorno de estresse agudo
culpa delirante,preocupacao,suicida,nao especificado,sintomas somaticos,condicoes medicas cronicas,> 2 semanas,transtorno depressivo maior
insensibilidade,acreditar que esta enlouquecendo,automato,distorcoes auditivas,perda de controle dos movimentos,ansiedade,variavel,transtorno de despersonalizacao/desrealizacao
apatia,acreditar que esta enlouquecendo,robotico,experiencia extracorporea,perda de controle dos movimentos,ataques de panico,variavel,transtorno de despersonalizacao/desrealizacao
culpa delirante,indecisao,suicida,nao especificado,insonia,condicoes medicas incapacitantes,> 2 semanas,transtorno depressivo maior
surtos de raiva,hipervigilancia,impulsivo,flashbacks,ataques de panico,evento traumatico,< 1 mes,transtorno de estresse agudo
sofrimento intenso,luto complicado,evitativo,flashbacks,reatividade fisiologica,evento traumatico,> 2 meses,transtorno de estresse pos-traumatico
culpa,ideias paranoides,reativo,despersonalizacao,resposta de sobressalto exagerada,transtorno mental anterior,> 2 meses,transtorno de estresse pos-traumatico
sofrimento intenso,hipervigilancia,irritadico,flashbacks,perturbacao do sono,evento traumatico,< 1 mes,transtorno de estresse agudo
angustia generalizada,indecisao,choro,nao especificado,perturbacoes psicomotoras,herdabilidade,> 2 semanas,transtorno depressivo maior
emocoes positivas ausentes,preocupacao,suicida,desrealizacao,perturbacao do sono,estrategias de enfrentamento inapropriadas,> 2 meses,transtorno de estresse pos-traumatico
vergonha,hipervigilancia,imprudente,flashbacks,sintomas pos-concussivos,evento traumatico,< 1 mes,transtorno de estresse agudo
sofrimento intenso,preocupacao,robotico,alteracoes perceptuais,perda de controle da fala,evento traumatico,variavel,transtorno de despersonalizacao/desrealizacao
disforia,revivencia,irritadico,intrusao sensorial,resposta de sobressalto exagerada,transtorno mental anterior,> 2 meses,transtorno de estresse pos-traumatico
medo de dano cerebral,dificuldade em descrever sintomas,conduta embotada,distorcoes visuais,anestesia fisica,depressao,variavel,transtorno de despersonalizacao/desrealizacao
anestesia emocional,dificuldade em descrever sintomas,automato,desrealizacao,anestesia fisica,traumas interpessoais na infancia,variavel,transtorno de despersonalizacao/desrealizacao
desespero,amnesia dissociativa,evitativo,intrusao sensorial,resposta de sobressalto exagerada,transtorno mental anterior,> 2 meses,transtorno de estresse pos-traumatico
hipoemotividade,acreditar que esta enlouquecendo,automato,despersonalizacao,perda de controle dos movimentos,ansiedade,variavel,transtorno de despersonalizacao/desrealizacao
sofrimento intenso,pesadelos,irritadico,despersonalizacao,perturbacao do sono,transtorno mental anterior,< 1 mes,transtorno de estresse agudo
humor deprimido,dificuldade de concentracao,suicida,nao especificado,sintomas somaticos,condicoes medicas incapacitantes,> 2 semanas,transtorno depressivo maior
sofrimento intenso,revivencia,autodestrutivo,flashbacks,reatividade fisiologica,evento traumatico,> 2 meses,transtorno de estresse pos-traumatico
culpa,lembranca recorrente,impulsivo,flashbacks,ataques de panico,evento traumatico,< 1 mes,transtorno de estresse agudo
insensibilidade,dificuldade em descrever sintomas,automato,distorcoes auditivas,anestesia fisica,traumas interpessoais na infancia,variavel,transtorno de despersonalizacao/desrealizacao
tristeza,lembranca recorrente,irritadico,flashbacks,perturbacao do sono,evento traumatico,< 1 mes,transtorno de estresse agudo
sofrimento prolongado,lembranca recorrente,evitativo,flashbacks,reatividade fisiologica,evento traumatico,< 1 mes,transtorno de estresse agudo
desesperanca,dificuldade para pensar,retraimento social,nao especificado,insonia,transtornos subjacentes,> 2 semanas,transtorno depressivo maior
anedonia,indecisao,retraimento social,nao especificado,perturbacoes do sono,evento traumatico,> 2 semanas,transtorno depressivo maior
sentimentos de desvalia,recordacao intrusiva,tentativa de suicidio,nao especificado,perturbacoes psicomotoras,herdabilidade,> 2 semanas,transtorno depressivo maior
sofrimento prolongado,lembranca recorrente,evitativo,flashbacks,reatividade fisiologica,evento traumatico,< 1 mes,transtorno de estresse agudo
humor deprimido,dificuldade para pensar,suicida,nao especificado,alteracoes de peso significativas,condicoes medicas incapacitantes,> 2 semanas,transtorno depressivo maior
disforia,plano suicida,tentativa de suicidio,nao especificado,catatonia,condicoes medicas incapacitantes,> 2 semanas,transtorno depressivo maior
surtos de raiva,pesadelos,impulsivo,despersonalizacao,ataques de panico,transtorno mental anterior,< 1 mes,transtorno de estresse agudo
sofrimento intenso,hipervigilancia,irritadico,flashbacks,perturbacao do sono,evento traumatico,< 1 mes,transtorno de estresse agudo
desesperanca,ruminacao,retraimento social,nao especificado,sintomas somaticos,neuroticismo,> 2 semanas,transtorno depressivo maior
sofrimento prolongado,dificuldade de concentracao,imprudente,pseudoalucinacoes auditivas,perturbacao do sono,estrategias de enfrentamento inapropriadas,> 2 meses,transtorno de estresse pos-traumatico
sofrimento intenso,pesadelos,irritadico,despersonalizacao,perturbacao do sono,transtorno mental anterior,< 1 mes,transtorno de estresse agudo
medo,revivencia,evitativo,desrealizacao,reatividade fisiologica,neuroticismo,< 1 mes,transtorno de estresse agudo
sofrimento prolongado,expectativa negativa,imprudente,pseudoalucinacoes auditivas,perturbacao do sono,estrategias de enfrentamento inapropriadas,> 2 meses,transtorno de estresse pos-traumatico
anedonia,plano suicida,retraimento social,nao especificado,sintomas somaticos,neuroticismo,> 2 semanas,transtorno depressivo maior
culpa,ideias paranoides,imprudente,despersonalizacao,resposta de sobressalto exagerada,transtorno mental anterior,> 2 meses,transtorno de estresse pos-traumatico
melancolia,ruminacao,choro,nao especificado,alteracoes no apetite,transtornos subjacentes,> 2 semanas,transtorno depressivo maior
raiva,preocupacao,suicida,flashbacks,reatividade fisiologica,evento traumatico,> 2 meses,transtorno de estresse pos-traumatico
desespero,amnesia dissociativa,autodestrutivo,intrusao sensorial,resposta de sobressalto exagerada,transtorno mental anterior,> 2 meses,transtorno de estresse pos-traumatico
irritacao,ideias paranoides,automutilante,despersonalizacao,resposta de sobressalto exagerada,transtorno mental anterior,> 2 meses,transtorno de estresse pos-traumatico
vergonha,pesadelos,imprudente,despersonalizacao,sintomas pos-concussivos,transtorno mental anterior,< 1 mes,transtorno de estresse agudo
medo de dano cerebral,acreditar que esta enlouquecendo,automato,distorcoes visuais,perda de controle dos movimentos,ansiedade,variavel,transtorno de despersonalizacao/desrealizacao
inercia,preocupacao,automato,distorcoes temporais,perda de controle da fala,traumas interpessoais na infancia,variavel,transtorno de despersonalizacao/desrealizacao
tristeza,preocupacao,choro,nao especificado,hipersonia,evento traumatico,> 2 semanas,transtorno depressivo maior
culpa,pesadelos,imprudente,despersonalizacao,resposta de sobressalto exagerada,transtorno mental anterior,> 2 meses,transtorno de estresse pos-traumatico
autoaversao,ruminacao,suicida,nao especificado,alteracoes de peso significativas,condicoes medicas incapacitantes,> 2 semanas,transtorno depressivo maior
sofrimento intenso,dificuldade em descrever sintomas,automato,alteracoes perceptuais,anestesia fisica,traumas interpessoais na infancia,variavel,transtorno de despersonalizacao/desrealizacao
anedonia,dificuldade para pensar,retraimento social,nao especificado,alteracoes de peso significativas,transtornos subjacentes,> 2 semanas,transtorno depressivo maior
tristeza,ideacao suicida,choro,nao especificado,perturbacoes psicomotoras,evento traumatico,> 2 semanas,transtorno depressivo maior
tristeza,lembranca recorrente,irritadico,flashbacks,perturbacao do sono,evento traumatico,< 1 mes,transtorno de estresse agudo
medo,hipervigilancia,evitativo,flashbacks,reatividade fisiologica,evento traumatico,< 1 mes,transtorno de estresse agudo
tristeza,lembranca recorrente,irritadico,flashbacks,perturbacao do sono,evento traumatico,< 1 mes,transtorno de estresse agudo
angustia generalizada,perda de interesse,choro,nao especificado,perturbacoes psicomotoras,condicoes medicas incapacitantes,> 2 semanas,transtorno depressivo maior
medo,pesadelos,reativo,intrusao visual,reatividade fisiologica,evento traumatico,> 2 meses,transtorno de estresse pos-traumatico
inercia,ruminacao,robotico,distorcoes temporais,sintomas somaticos,ataques de panico,variavel,transtorno de despersonalizacao/desrealizacao
sofrimento intenso,dificuldade para pensar,retraimento social,nao especificado,perturbacoes do sono,condicoes medicas incapacitantes,> 2 semanas,transtorno depressivo maior
hipoemotividade,dificuldade em descrever sintomas,conduta embotada,despersonalizacao,anestesia fisica,depressao,variavel,transtorno de despersonalizacao/desrealizacao
tristeza,dificuldade de concentracao,irritadico,despersonalizacao,perturbacao do sono,transtorno mental anterior,< 1 mes,transtorno de estresse agudo
vergonha,revivencia,evitativo,desrealizacao,perturbacao do sono,estrategias de enfrentamento inapropriadas,> 2 meses,transtorno de estresse pos-traumatico
sofrimento intenso,acreditar que esta enlouquecendo,conduta embotada,alteracoes perceptuais,perda de controle dos movimentos,uso de drogas ilicitas,variavel,transtorno de despersonalizacao/desrealizacao
medo,revivencia,evitativo,desrealizacao,reatividade fisiologica,neuroticismo,< 1 mes,transtorno de estresse agudo
tristeza,lembranca recorrente,irritadico,flashbacks,perturbacao do sono,evento traumatico,< 1 mes,transtorno de estresse agudo
hipoemotividade,preocupacao,robotico,despersonalizacao,perda de controle da fala,evento traumatico,variavel,transtorno de despersonalizacao/desrealizacao
medo,lembranca recorrente,reativo,intrusao visual,reatividade fisiologica,evento traumatico,> 2 meses,transtorno de estresse pos-traumatico
culpa,pesadelos,imprudente,despersonalizacao,resposta de sobressalto exagerada,transtorno mental anterior,> 2 meses,transtorno de estresse pos-traumatico
disforia,luto complicado,irritadico,intrusao sensorial,resposta de sobressalto exagerada,transtorno mental anterior,> 2 meses,transtorno de estresse pos-traumatico
culpa,expectativa negativa,imprudente,despersonalizacao,resposta de sobressalto exagerada,transtorno mental anterior,> 2 meses,transtorno de estresse pos-traumatico
anestesia emocional,ruminacao,automato,desrealizacao,sintomas somaticos,ansiedade,variavel,transtorno de despersonalizacao/desrealizacao
anestesia emocional,ruminacao,automato,desrealizacao,sintomas somaticos,ansiedade,variavel,transtorno de despersonalizacao/desrealizacao
medo,hipervigilancia,evitativo,flashbacks,reatividade fisiologica,evento traumatico,< 1 mes,transtorno de estresse agudo
vergonha,revivencia,imprudente,desrealizacao,sintomas pos-concussivos,neuroticismo,< 1 mes,transtorno de estresse agudo
culpa delirante,pensamentos recorrentes de morte,suicida,nao especificado,insonia,condicoes medicas cronicas,> 2 semanas,transtorno depressivo maior
sofrimento intenso,ruminacao,automato,alteracoes perceptuais,sintomas somaticos,ansiedade,variavel,transtorno de despersonalizacao/desrealizacao
sofrimento intenso,acreditar que esta enlouquecendo,automato,alteracoes perceptuais,perda de controle dos movimentos,ansiedade,variavel,transtorno de despersonalizacao/desrealizacao
tristeza,amnesia dissociativa,irritadico,desrealizacao,perturbacao do sono,neuroticismo,< 1 mes,transtorno de estresse agudo
surtos de raiva,pesadelos,impulsivo,despersonalizacao,ataques de panico,transtorno mental anterior,< 1 mes,transtorno de estresse agudo
sofrimento intenso,acreditar que esta enlouquecendo,robotico,alteracoes perceptuais,perda de controle dos movimentos,ataques de panico,variavel,transtorno de despersonalizacao/desrealizacao
culpa,expectativa negativa,imprudente,despersonalizacao,resposta de sobressalto exagerada,transtorno mental anterior,> 2 meses,transtorno de estresse pos-traumatico
anedonia,indecisao,retraimento social,nao especificado,sintomas somaticos,herdabilidade,> 2 semanas,transtorno depressivo maior
raiva,amnesia dissociativa,suicida,flashbacks,reatividade fisiologica,evento traumatico,> 2 meses,transtorno de estresse pos-traumatico
insensibilidade,preocupacao,automato,distorcoes auditivas,perda de controle da fala,traumas interpessoais na infancia,variavel,transtorno de despersonalizacao/desrealizacao
culpa delirante,ideacao suicida,suicida,nao especificado,fadiga persistente,neuroticismo,> 2 semanas,transtorno depressivo maior
sofrimento prolongado,expectativa negativa,imprudente,pseudoalucinacoes auditivas,perturbacao do sono,estrategias de enfrentamento inapropriadas,> 2 meses,transtorno de estresse pos-traumatico
inercia,acreditar que esta enlouquecendo,robotico,distorcoes temporais,perda de controle dos movimentos,ataques de panico,variavel,transtorno de despersonalizacao/desrealizacao
apatia,preocupacao,robotico,experiencia extracorporea,perda de controle da fala,evento traumatico,variavel,transtorno de despersonalizacao/desrealizacao
anedonia,preocupacao,retraimento social,nao especificado,alteracoes de peso significativas,condicoes medicas incapacitantes,> 2 semanas,transtorno depressivo maior
sofrimento prolongado,dificuldade de concentracao,evitativo,despersonalizacao,reatividade fisiologica,transtorno mental anterior,< 1 mes,transtorno de estresse agudo
sofrimento prolongado,lembranca recorrente,evitativo,flashbacks,reatividade fisiologica,evento traumatico,< 1 mes,transtorno de estresse agudo
